{
  "advancedEditorSelectedIdentifier" : "ProjectBrowser",
  "openSceneRelativePaths" : [
    "Planets.usda",
    "TravelToMars.usda"
  ],
  "recentIdentifiers" : {
    "26DBAE76-5DD8-47B6-A085-1B4ADA111097" : [

    ],
    "6080C1EC-73D7-45C0-95C0-16608741F506" : [

    ],
    "D4588DAC-986B-442B-97D8-3E8ADFC2BC2A" : [

    ]
  },
  "sceneCameraHistory" : {
    "26DBAE76-5DD8-47B6-A085-1B4ADA111097" : [
      {
        "date" : 737199254.938937,
        "title" : "Untitled",
        "transform" : [
          0.9955315,
          -4.548741e-09,
          -0.09443051,
          0,
          -0.038964823,
          0.9108989,
          -0.4107857,
          0,
          0.086016715,
          0.41262954,
          0.90682846,
          0,
          0.5672262,
          1.9519703,
          1.631,
          1
        ]
      },
      {
        "date" : 737198793.54487,
        "title" : "Untitled",
        "transform" : [
          0.9955315,
          -4.548741e-09,
          -0.09443051,
          0,
          -0.038964823,
          0.9108989,
          -0.4107857,
          0,
          0.086016715,
          0.41262954,
          0.90682846,
          0,
          1.1001482,
          2.130436,
          1.4992437,
          1
        ]
      },
      {
        "date" : 737198789.77096,
        "title" : "Untitled",
        "transform" : [
          0.9955315,
          -4.548741e-09,
          -0.09443051,
          0,
          -0.038964823,
          0.9108989,
          -0.4107857,
          0,
          0.086016715,
          0.41262954,
          0.90682846,
          0,
          0.40142602,
          1.5287566,
          1.8392997,
          1
        ]
      },
      {
        "date" : 737198697.239593,
        "title" : "Untitled",
        "transform" : [
          0.9955315,
          -4.548741e-09,
          -0.09443051,
          0,
          -0.038964823,
          0.9108989,
          -0.4107857,
          0,
          0.086016715,
          0.41262954,
          0.90682846,
          0,
          0.19703317,
          0.8352976,
          2.1742282,
          1
        ]
      },
      {
        "date" : 737198694.0523,
        "title" : "Untitled",
        "transform" : [
          0.9662231,
          -4.2218873e-09,
          -0.25770718,
          0,
          -0.17239761,
          0.7432921,
          -0.6463714,
          0,
          0.19155174,
          0.66896707,
          0.7181859,
          0,
          0.5323415,
          1.6351149,
          2.2033844,
          1
        ]
      },
      {
        "date" : 737197420.970996,
        "title" : "Untitled",
        "transform" : [
          0.9662231,
          -4.2218873e-09,
          -0.25770718,
          0,
          -0.17239761,
          0.7432921,
          -0.6463714,
          0,
          0.19155174,
          0.66896707,
          0.7181859,
          0,
          0.6025634,
          2.171856,
          1.6846981,
          1
        ]
      },
      {
        "date" : 737197236.758342,
        "title" : "Untitled",
        "transform" : [
          0.9662231,
          -4.2218873e-09,
          -0.25770718,
          0,
          -0.17239761,
          0.7432921,
          -0.6463714,
          0,
          0.19155174,
          0.66896707,
          0.7181859,
          0,
          0.102215335,
          0.5479221,
          0.8513718,
          1
        ]
      },
      {
        "date" : 737197182.146191,
        "title" : "Untitled",
        "transform" : [
          0.860776,
          -4.231935e-09,
          -0.508984,
          0,
          -0.33911365,
          0.7457231,
          -0.5734972,
          0,
          0.37956125,
          0.666256,
          0.6419006,
          0,
          0.61605996,
          0.9837092,
          1.0350938,
          1
        ]
      },
      {
        "date" : 737197169.161898,
        "title" : "Untitled",
        "transform" : [
          0.6968318,
          -1.0938351e-08,
          -0.7172346,
          0,
          -0.38531035,
          0.8434443,
          -0.37434965,
          0,
          0.6049475,
          0.5372166,
          0.5877388,
          0,
          0.96885526,
          0.7764866,
          0.93649375,
          1
        ]
      },
      {
        "date" : 737197164.071945,
        "title" : "Untitled",
        "transform" : [
          0.9999939,
          0,
          0.0034942555,
          0,
          0.0024708114,
          0.7071068,
          -0.7071024,
          0,
          -0.002470812,
          0.70710677,
          0.7071026,
          0,
          0.37761047,
          1.1094786,
          1.0890572,
          1
        ]
      }
    ],
    "654A1BA5-90D3-4635-ADC4-8083566F93AB" : [
      {
        "date" : 737579160.537149,
        "title" : "Untitled",
        "transform" : [
          0.9999931,
          0,
          0.003723136,
          0,
          0.001861568,
          0.8660254,
          -0.49999654,
          0,
          -0.0032243303,
          0.5,
          0.8660194,
          0,
          -0.041024372,
          1.8740962,
          0.88046646,
          1
        ]
      },
      {
        "date" : 737475772.590759,
        "title" : "Untitled",
        "transform" : [
          0.9999931,
          0,
          0.003723136,
          0,
          0.001861568,
          0.8660254,
          -0.49999654,
          0,
          -0.0032243303,
          0.5,
          0.8660194,
          0,
          -0.0054803323,
          0.8498404,
          1.4719567,
          1
        ]
      },
      {
        "date" : 737475556.359598,
        "title" : "Untitled",
        "transform" : [
          1,
          0,
          -0,
          0,
          -0,
          0.8660254,
          -0.5,
          0,
          0,
          0.5,
          0.8660254,
          0,
          0,
          0.2150388,
          0.37245816,
          1
        ]
      }
    ],
    "6080C1EC-73D7-45C0-95C0-16608741F506" : [
      {
        "date" : 737218091.302277,
        "title" : "Untitled",
        "transform" : [
          1,
          0,
          0,
          0,
          0,
          0.8660254,
          -0.5,
          0,
          0,
          0.5,
          0.8660254,
          0,
          0.08135698,
          1.3707597,
          0.36162543,
          1
        ]
      },
      {
        "date" : 737218066.227481,
        "title" : "Untitled",
        "transform" : [
          1,
          0,
          -0,
          0,
          -0,
          0.8660254,
          -0.5,
          0,
          0,
          0.5,
          0.8660254,
          0,
          0,
          0.2150388,
          0.37245816,
          1
        ]
      }
    ],
    "D4588DAC-986B-442B-97D8-3E8ADFC2BC2A" : [
      {
        "date" : 737582635.916629,
        "title" : "Untitled",
        "transform" : [
          0.07041118,
          -2.1878177e-09,
          -0.997518,
          0,
          -0.52450764,
          0.8506005,
          -0.037023146,
          0,
          0.84848934,
          0.5258127,
          0.059891824,
          0,
          9.090926,
          4.60091,
          -5.243603,
          1
        ]
      },
      {
        "date" : 737582628.904083,
        "title" : "Untitled",
        "transform" : [
          0.07041118,
          -2.1878177e-09,
          -0.997518,
          0,
          -0.52450764,
          0.8506005,
          -0.037023146,
          0,
          0.84848934,
          0.5258127,
          0.059891824,
          0,
          18.584976,
          7.9366565,
          -11.242462,
          1
        ]
      },
      {
        "date" : 737582619.799322,
        "title" : "Untitled",
        "transform" : [
          0.07041118,
          -2.1878177e-09,
          -0.997518,
          0,
          -0.52450764,
          0.8506005,
          -0.037023146,
          0,
          0.84848934,
          0.5258127,
          0.059891824,
          0,
          4.617592,
          2.7234702,
          -2.7932832,
          1
        ]
      },
      {
        "date" : 737409694.820747,
        "title" : "Untitled",
        "transform" : [
          0.07041118,
          -2.1878177e-09,
          -0.997518,
          0,
          -0.52450764,
          0.8506005,
          -0.037023146,
          0,
          0.84848934,
          0.5258127,
          0.059891824,
          0,
          8.4603195,
          6.4977026,
          -7.1859255,
          1
        ]
      },
      {
        "date" : 737409691.456316,
        "title" : "Untitled",
        "transform" : [
          0.47115192,
          -2.0224165e-09,
          -0.88205206,
          0,
          -0.38207814,
          0.90131235,
          -0.20408875,
          0,
          0.7950045,
          0.43316966,
          0.4246551,
          0,
          5.3704724,
          5.1165967,
          -5.2985926,
          1
        ]
      },
      {
        "date" : 737409675.863374,
        "title" : "Untitled",
        "transform" : [
          0.47115192,
          -2.0224165e-09,
          -0.88205206,
          0,
          -0.38207814,
          0.90131235,
          -0.20408875,
          0,
          0.7950045,
          0.43316966,
          0.4246551,
          0,
          5.0457497,
          4.440436,
          -4.0009546,
          1
        ]
      },
      {
        "date" : 737409646.792371,
        "title" : "Untitled",
        "transform" : [
          0.47115198,
          -2.0224167e-09,
          -0.8820522,
          0,
          -0.38207814,
          0.90131235,
          -0.20408875,
          0,
          0.7950045,
          0.43316966,
          0.4246551,
          0,
          4.650761,
          2.9480672,
          -1.7391973,
          1
        ]
      },
      {
        "date" : 737409617.572737,
        "title" : "Untitled",
        "transform" : [
          0.098772444,
          -2.0224167e-09,
          -0.9951101,
          0,
          -0.43105143,
          0.90131235,
          -0.042785224,
          0,
          0.896905,
          0.43316966,
          0.08902483,
          0,
          8.035526,
          7.6471033,
          -8.58112,
          1
        ]
      },
      {
        "date" : 737409600.336863,
        "title" : "Untitled",
        "transform" : [
          0.098772444,
          -2.0224167e-09,
          -0.9951101,
          0,
          -0.43105143,
          0.90131235,
          -0.042785224,
          0,
          0.896905,
          0.43316966,
          0.08902483,
          0,
          3.169913,
          3.2017307,
          -5.662,
          1
        ]
      },
      {
        "date" : 737409043.722478,
        "title" : "Untitled",
        "transform" : [
          0.098772444,
          -2.0224167e-09,
          -0.9951101,
          0,
          -0.43105143,
          0.90131235,
          -0.042785224,
          0,
          0.896905,
          0.43316966,
          0.08902483,
          0,
          3.0331717,
          3.0158854,
          -3.380088,
          1
        ]
      }
    ]
  },
  "selectedSceneRelativePath" : "Planets.usda"
}