{
  "advancedEditorSelectedIdentifier" : "StatisticsPluginID",
  "openSceneRelativePaths" : [
    "Planets.usda",
    "Test.usda"
  ],
  "recentIdentifiers" : {
    "26DBAE76-5DD8-47B6-A085-1B4ADA111097" : [

    ],
    "6080C1EC-73D7-45C0-95C0-16608741F506" : [

    ],
    "D4588DAC-986B-442B-97D8-3E8ADFC2BC2A" : [

    ]
  },
  "sceneCameraHistory" : {
    "26DBAE76-5DD8-47B6-A085-1B4ADA111097" : [
      {
        "date" : 737199254.938937,
        "title" : "Untitled",
        "transform" : [
          0.9955315,
          -4.548741e-09,
          -0.09443051,
          0,
          -0.038964823,
          0.9108989,
          -0.4107857,
          0,
          0.086016715,
          0.41262954,
          0.90682846,
          0,
          0.5672262,
          1.9519703,
          1.631,
          1
        ]
      },
      {
        "date" : 737198793.54487,
        "title" : "Untitled",
        "transform" : [
          0.9955315,
          -4.548741e-09,
          -0.09443051,
          0,
          -0.038964823,
          0.9108989,
          -0.4107857,
          0,
          0.086016715,
          0.41262954,
          0.90682846,
          0,
          1.1001482,
          2.130436,
          1.4992437,
          1
        ]
      },
      {
        "date" : 737198789.77096,
        "title" : "Untitled",
        "transform" : [
          0.9955315,
          -4.548741e-09,
          -0.09443051,
          0,
          -0.038964823,
          0.9108989,
          -0.4107857,
          0,
          0.086016715,
          0.41262954,
          0.90682846,
          0,
          0.40142602,
          1.5287566,
          1.8392997,
          1
        ]
      },
      {
        "date" : 737198697.239593,
        "title" : "Untitled",
        "transform" : [
          0.9955315,
          -4.548741e-09,
          -0.09443051,
          0,
          -0.038964823,
          0.9108989,
          -0.4107857,
          0,
          0.086016715,
          0.41262954,
          0.90682846,
          0,
          0.19703317,
          0.8352976,
          2.1742282,
          1
        ]
      },
      {
        "date" : 737198694.0523,
        "title" : "Untitled",
        "transform" : [
          0.9662231,
          -4.2218873e-09,
          -0.25770718,
          0,
          -0.17239761,
          0.7432921,
          -0.6463714,
          0,
          0.19155174,
          0.66896707,
          0.7181859,
          0,
          0.5323415,
          1.6351149,
          2.2033844,
          1
        ]
      },
      {
        "date" : 737197420.970996,
        "title" : "Untitled",
        "transform" : [
          0.9662231,
          -4.2218873e-09,
          -0.25770718,
          0,
          -0.17239761,
          0.7432921,
          -0.6463714,
          0,
          0.19155174,
          0.66896707,
          0.7181859,
          0,
          0.6025634,
          2.171856,
          1.6846981,
          1
        ]
      },
      {
        "date" : 737197236.758342,
        "title" : "Untitled",
        "transform" : [
          0.9662231,
          -4.2218873e-09,
          -0.25770718,
          0,
          -0.17239761,
          0.7432921,
          -0.6463714,
          0,
          0.19155174,
          0.66896707,
          0.7181859,
          0,
          0.102215335,
          0.5479221,
          0.8513718,
          1
        ]
      },
      {
        "date" : 737197182.146191,
        "title" : "Untitled",
        "transform" : [
          0.860776,
          -4.231935e-09,
          -0.508984,
          0,
          -0.33911365,
          0.7457231,
          -0.5734972,
          0,
          0.37956125,
          0.666256,
          0.6419006,
          0,
          0.61605996,
          0.9837092,
          1.0350938,
          1
        ]
      },
      {
        "date" : 737197169.161898,
        "title" : "Untitled",
        "transform" : [
          0.6968318,
          -1.0938351e-08,
          -0.7172346,
          0,
          -0.38531035,
          0.8434443,
          -0.37434965,
          0,
          0.6049475,
          0.5372166,
          0.5877388,
          0,
          0.96885526,
          0.7764866,
          0.93649375,
          1
        ]
      },
      {
        "date" : 737197164.071945,
        "title" : "Untitled",
        "transform" : [
          0.9999939,
          0,
          0.0034942555,
          0,
          0.0024708114,
          0.7071068,
          -0.7071024,
          0,
          -0.002470812,
          0.70710677,
          0.7071026,
          0,
          0.37761047,
          1.1094786,
          1.0890572,
          1
        ]
      }
    ],
    "6080C1EC-73D7-45C0-95C0-16608741F506" : [
      {
        "date" : 737218091.302277,
        "title" : "Untitled",
        "transform" : [
          1,
          0,
          0,
          0,
          0,
          0.8660254,
          -0.5,
          0,
          0,
          0.5,
          0.8660254,
          0,
          0.08135698,
          1.3707597,
          0.36162543,
          1
        ]
      },
      {
        "date" : 737218066.227481,
        "title" : "Untitled",
        "transform" : [
          1,
          0,
          -0,
          0,
          -0,
          0.8660254,
          -0.5,
          0,
          0,
          0.5,
          0.8660254,
          0,
          0,
          0.2150388,
          0.37245816,
          1
        ]
      }
    ],
    "D4588DAC-986B-442B-97D8-3E8ADFC2BC2A" : [
      {
        "date" : 737307342.168884,
        "title" : "Untitled",
        "transform" : [
          -0.039836433,
          -1.3652988e-07,
          -0.99920624,
          0,
          -0.44182622,
          0.8969278,
          0.017614646,
          0,
          0.89621574,
          0.44217718,
          -0.035730507,
          0,
          3.8115685,
          2.2132847,
          -5.960287,
          1
        ]
      },
      {
        "date" : 737307339.844276,
        "title" : "Untitled",
        "transform" : [
          -0.039836433,
          -1.3652988e-07,
          -0.99920624,
          0,
          -0.44182622,
          0.8969278,
          0.017614646,
          0,
          0.89621574,
          0.44217718,
          -0.035730507,
          0,
          3.932433,
          2.1290228,
          -3.9714463,
          1
        ]
      },
      {
        "date" : 737235957.242743,
        "title" : "Untitled",
        "transform" : [
          -0.039836433,
          -1.3652988e-07,
          -0.99920624,
          0,
          -0.44182622,
          0.8969278,
          0.017614646,
          0,
          0.89621574,
          0.44217718,
          -0.035730507,
          0,
          5.4030304,
          2.5512652,
          -5.027664,
          1
        ]
      },
      {
        "date" : 737234644.240483,
        "title" : "Untitled",
        "transform" : [
          -0.039836433,
          -1.3652988e-07,
          -0.99920624,
          0,
          -0.44182622,
          0.8969278,
          0.017614646,
          0,
          0.89621574,
          0.44217718,
          -0.035730507,
          0,
          5.3742366,
          2.6613245,
          -4.387868,
          1
        ]
      },
      {
        "date" : 737234642.548884,
        "title" : "Untitled",
        "transform" : [
          -0.039836433,
          -1.3652988e-07,
          -0.99920624,
          0,
          -0.44182622,
          0.8969278,
          0.017614646,
          0,
          0.89621574,
          0.44217718,
          -0.035730507,
          0,
          7.9450803,
          3.4560432,
          -2.6599522,
          1
        ]
      },
      {
        "date" : 737234353.243593,
        "title" : "Untitled",
        "transform" : [
          -0.039836433,
          -1.3652988e-07,
          -0.99920624,
          0,
          -0.44182622,
          0.8969278,
          0.017614646,
          0,
          0.89621574,
          0.44217718,
          -0.035730507,
          0,
          1.9615873,
          1.6063807,
          -6.681578,
          1
        ]
      },
      {
        "date" : 737234350.937536,
        "title" : "Untitled",
        "transform" : [
          -0.039836433,
          -1.3652988e-07,
          -0.99920624,
          0,
          -0.44182622,
          0.8969278,
          0.017614646,
          0,
          0.89621574,
          0.44217718,
          -0.035730507,
          0,
          1.9995369,
          1.6645405,
          -5.0099406,
          1
        ]
      },
      {
        "date" : 737234344.284306,
        "title" : "Untitled",
        "transform" : [
          -0.039836433,
          -1.3652988e-07,
          -0.99920624,
          0,
          -0.44182622,
          0.8969278,
          0.017614646,
          0,
          0.89621574,
          0.44217718,
          -0.035730507,
          0,
          2.0534096,
          1.7892835,
          -2.1149464,
          1
        ]
      },
      {
        "date" : 737234342.656737,
        "title" : "Untitled",
        "transform" : [
          -0.039836433,
          -1.3652988e-07,
          -0.99920624,
          0,
          -0.44182622,
          0.8969278,
          0.017614646,
          0,
          0.89621574,
          0.44217718,
          -0.035730507,
          0,
          2.0807042,
          1.7803261,
          -1.5411836,
          1
        ]
      },
      {
        "date" : 737234340.924426,
        "title" : "Untitled",
        "transform" : [
          -0.039836433,
          -1.3652988e-07,
          -0.99920624,
          0,
          -0.44182622,
          0.8969278,
          0.017614646,
          0,
          0.89621574,
          0.44217718,
          -0.035730507,
          0,
          2.0595307,
          1.8757536,
          -0.8913245,
          1
        ]
      }
    ]
  },
  "selectedSceneRelativePath" : "Planets.usda"
}