{
  "advancedEditorSelectedIdentifier" : "ShaderGraphEditorPluginID",
  "openSceneRelativePaths" : [
    "Planets.usda",
    "MovingPlanets.usda",
    "TravelToMarsShort.usda",
    "TravelToMarsLong.usda"
  ],
  "recentIdentifiers" : {
    "0196B789-84DD-4FED-9E18-A59CFDAEADA7" : [

    ],
    "26DBAE76-5DD8-47B6-A085-1B4ADA111097" : [

    ],
    "3BF575E3-1271-4EDD-8BCE-B73EF17A1712" : [

    ],
    "6080C1EC-73D7-45C0-95C0-16608741F506" : [

    ],
    "654A1BA5-90D3-4635-ADC4-8083566F93AB" : [

    ],
    "AE7F112C-4234-4947-92D2-8D9D9D34D7A6" : [

    ],
    "D4588DAC-986B-442B-97D8-3E8ADFC2BC2A" : [

    ],
    "EB08777C-F2E4-4731-965E-D19D29053AA3" : [

    ]
  },
  "sceneCameraHistory" : {
    "0196B789-84DD-4FED-9E18-A59CFDAEADA7" : [
      {
        "date" : 756645645.875599,
        "title" : "Untitled",
        "transform" : [
          -0.065851316,
          9.1426315e-09,
          0.99782944,
          0,
          0.6383396,
          0.76860124,
          0.042126916,
          0,
          -0.76693314,
          0.63972807,
          -0.050613362,
          0,
          -57.163292,
          36.23534,
          -48.528507,
          1
        ]
      },
      {
        "date" : 756642354.614282,
        "title" : "Untitled",
        "transform" : [
          -0.026665496,
          9.1426315e-09,
          0.9996444,
          0,
          0.6395006,
          0.76860124,
          0.017058646,
          0,
          -0.7683281,
          0.63972807,
          -0.020495087,
          0,
          -111.331856,
          64.6913,
          -4.85981,
          1
        ]
      },
      {
        "date" : 756642264.122808,
        "title" : "Untitled",
        "transform" : [
          -0.026665496,
          9.1426315e-09,
          0.9996444,
          0,
          0.6395007,
          0.76860136,
          0.017058648,
          0,
          -0.7683281,
          0.63972807,
          -0.020495087,
          0,
          -125.87173,
          44.91533,
          -77.06559,
          1
        ]
      },
      {
        "date" : 756642257.553564,
        "title" : "Untitled",
        "transform" : [
          0.9518118,
          9.3821555e-09,
          0.30668247,
          0,
          0.13366956,
          0.9000161,
          -0.41485345,
          0,
          -0.27601913,
          0.43585655,
          0.85664606,
          0,
          -34.760254,
          13.318097,
          48.390194,
          1
        ]
      },
      {
        "date" : 756642248.330363,
        "title" : "Untitled",
        "transform" : [
          -0.34556356,
          9.1070405e-09,
          0.9383954,
          0,
          0.33517936,
          0.9340342,
          0.12342959,
          0,
          -0.87649345,
          0.35718352,
          -0.32276824,
          0,
          -38.875824,
          8.617645,
          -28.840364,
          1
        ]
      },
      {
        "date" : 756642237.908117,
        "title" : "Untitled",
        "transform" : [
          0.8498316,
          1.2148076e-08,
          0.52705437,
          0,
          0.10469619,
          0.9800717,
          -0.16881399,
          0,
          -0.5165511,
          0.19864403,
          0.83289593,
          0,
          -6.379777,
          1.7426038,
          9.784749,
          1
        ]
      },
      {
        "date" : 756642228.348677,
        "title" : "Untitled",
        "transform" : [
          0.8498316,
          1.2148076e-08,
          0.52705437,
          0,
          0.10469619,
          0.9800717,
          -0.16881399,
          0,
          -0.5165511,
          0.19864403,
          0.83289593,
          0,
          -195.5567,
          53.41533,
          299.92798,
          1
        ]
      },
      {
        "date" : 756642226.092272,
        "title" : "Untitled",
        "transform" : [
          0.84983164,
          1.7599058e-08,
          0.52705437,
          0,
          0.10469619,
          0.9800717,
          -0.168814,
          0,
          -0.5165511,
          0.19864403,
          0.8328959,
          0,
          -30.393705,
          5.033863,
          237.19214,
          1
        ]
      },
      {
        "date" : 756642200.160137,
        "title" : "Untitled",
        "transform" : [
          -0.6168043,
          1.6116745e-08,
          0.7871166,
          0,
          0.53433543,
          0.7342754,
          0.41871864,
          0,
          -0.5779603,
          0.67885166,
          -0.45290422,
          0,
          -35.67586,
          29.62166,
          -91.000046,
          1
        ]
      },
      {
        "date" : 756642181.193129,
        "title" : "Untitled",
        "transform" : [
          -0.92995465,
          1.4862932e-08,
          0.36767417,
          0,
          0.20500238,
          0.83013314,
          0.5185105,
          0,
          -0.3052185,
          0.55756533,
          -0.7719862,
          0,
          -25.513481,
          29.066414,
          -125.2204,
          1
        ]
      }
    ],
    "26DBAE76-5DD8-47B6-A085-1B4ADA111097" : [
      {
        "date" : 737199254.938937,
        "title" : "Untitled",
        "transform" : [
          0.9955315,
          -4.548741e-09,
          -0.09443051,
          0,
          -0.038964823,
          0.9108989,
          -0.4107857,
          0,
          0.086016715,
          0.41262954,
          0.90682846,
          0,
          0.5672262,
          1.9519703,
          1.631,
          1
        ]
      },
      {
        "date" : 737198793.54487,
        "title" : "Untitled",
        "transform" : [
          0.9955315,
          -4.548741e-09,
          -0.09443051,
          0,
          -0.038964823,
          0.9108989,
          -0.4107857,
          0,
          0.086016715,
          0.41262954,
          0.90682846,
          0,
          1.1001482,
          2.130436,
          1.4992437,
          1
        ]
      },
      {
        "date" : 737198789.77096,
        "title" : "Untitled",
        "transform" : [
          0.9955315,
          -4.548741e-09,
          -0.09443051,
          0,
          -0.038964823,
          0.9108989,
          -0.4107857,
          0,
          0.086016715,
          0.41262954,
          0.90682846,
          0,
          0.40142602,
          1.5287566,
          1.8392997,
          1
        ]
      },
      {
        "date" : 737198697.239593,
        "title" : "Untitled",
        "transform" : [
          0.9955315,
          -4.548741e-09,
          -0.09443051,
          0,
          -0.038964823,
          0.9108989,
          -0.4107857,
          0,
          0.086016715,
          0.41262954,
          0.90682846,
          0,
          0.19703317,
          0.8352976,
          2.1742282,
          1
        ]
      },
      {
        "date" : 737198694.0523,
        "title" : "Untitled",
        "transform" : [
          0.9662231,
          -4.2218873e-09,
          -0.25770718,
          0,
          -0.17239761,
          0.7432921,
          -0.6463714,
          0,
          0.19155174,
          0.66896707,
          0.7181859,
          0,
          0.5323415,
          1.6351149,
          2.2033844,
          1
        ]
      },
      {
        "date" : 737197420.970996,
        "title" : "Untitled",
        "transform" : [
          0.9662231,
          -4.2218873e-09,
          -0.25770718,
          0,
          -0.17239761,
          0.7432921,
          -0.6463714,
          0,
          0.19155174,
          0.66896707,
          0.7181859,
          0,
          0.6025634,
          2.171856,
          1.6846981,
          1
        ]
      },
      {
        "date" : 737197236.758342,
        "title" : "Untitled",
        "transform" : [
          0.9662231,
          -4.2218873e-09,
          -0.25770718,
          0,
          -0.17239761,
          0.7432921,
          -0.6463714,
          0,
          0.19155174,
          0.66896707,
          0.7181859,
          0,
          0.102215335,
          0.5479221,
          0.8513718,
          1
        ]
      },
      {
        "date" : 737197182.146191,
        "title" : "Untitled",
        "transform" : [
          0.860776,
          -4.231935e-09,
          -0.508984,
          0,
          -0.33911365,
          0.7457231,
          -0.5734972,
          0,
          0.37956125,
          0.666256,
          0.6419006,
          0,
          0.61605996,
          0.9837092,
          1.0350938,
          1
        ]
      },
      {
        "date" : 737197169.161898,
        "title" : "Untitled",
        "transform" : [
          0.6968318,
          -1.0938351e-08,
          -0.7172346,
          0,
          -0.38531035,
          0.8434443,
          -0.37434965,
          0,
          0.6049475,
          0.5372166,
          0.5877388,
          0,
          0.96885526,
          0.7764866,
          0.93649375,
          1
        ]
      },
      {
        "date" : 737197164.071945,
        "title" : "Untitled",
        "transform" : [
          0.9999939,
          0,
          0.0034942555,
          0,
          0.0024708114,
          0.7071068,
          -0.7071024,
          0,
          -0.002470812,
          0.70710677,
          0.7071026,
          0,
          0.37761047,
          1.1094786,
          1.0890572,
          1
        ]
      }
    ],
    "3BF575E3-1271-4EDD-8BCE-B73EF17A1712" : [
      {
        "date" : 757534972.422486,
        "title" : "Untitled",
        "transform" : [
          -0.035510346,
          5.659043e-09,
          0.9993693,
          0,
          0.30186448,
          0.9532905,
          0.010726059,
          0,
          -0.95268923,
          0.302055,
          -0.033851665,
          0,
          -1.6715496,
          1.3753446,
          -2.4185405,
          1
        ]
      },
      {
        "date" : 757534969.552581,
        "title" : "Untitled",
        "transform" : [
          -0.035510346,
          5.659043e-09,
          0.9993693,
          0,
          0.30186448,
          0.9532905,
          0.010726059,
          0,
          -0.95268923,
          0.302055,
          -0.033851665,
          0,
          -1.6662992,
          1.3753417,
          -2.5663264,
          1
        ]
      },
      {
        "date" : 757534967.777061,
        "title" : "Untitled",
        "transform" : [
          -0.035510346,
          5.659043e-09,
          0.9993693,
          0,
          0.30186448,
          0.9532905,
          0.010726059,
          0,
          -0.95268923,
          0.302055,
          -0.033851665,
          0,
          -1.5557113,
          1.6738565,
          -3.0149958,
          1
        ]
      },
      {
        "date" : 757534676.620133,
        "title" : "Untitled",
        "transform" : [
          1,
          0,
          0,
          0,
          0,
          0.995326,
          -0.09657188,
          0,
          0,
          0.09657188,
          0.995326,
          0,
          -0.7891058,
          2.227415,
          -0.67954373,
          1
        ]
      },
      {
        "date" : 757534674.717343,
        "title" : "Untitled",
        "transform" : [
          1,
          0,
          0,
          0,
          0,
          0.995326,
          -0.09657188,
          0,
          0,
          0.09657188,
          0.995326,
          0,
          -0.4864201,
          2.1167479,
          -0.6688061,
          1
        ]
      },
      {
        "date" : 756659669.854633,
        "title" : "Untitled",
        "transform" : [
          1,
          0,
          0,
          0,
          0,
          0.995326,
          -0.09657188,
          0,
          0,
          0.09657188,
          0.995326,
          0,
          -0.047833145,
          1.907702,
          -0.64852333,
          1
        ]
      },
      {
        "date" : 756657886.687532,
        "title" : "Untitled",
        "transform" : [
          1,
          0,
          0,
          0,
          0,
          0.995326,
          -0.09657188,
          0,
          0,
          0.09657188,
          0.995326,
          0,
          0.17088217,
          2.7785249,
          -0.73301506,
          1
        ]
      },
      {
        "date" : 756657484.912301,
        "title" : "Untitled",
        "transform" : [
          1,
          0,
          0,
          0,
          0,
          0.995326,
          -0.09657188,
          0,
          0,
          0.09657188,
          0.995326,
          0,
          0.255104,
          1.6049199,
          -0.61914486,
          1
        ]
      },
      {
        "date" : 756657469.661307,
        "title" : "Untitled",
        "transform" : [
          1,
          0,
          0,
          0,
          0,
          0.995326,
          -0.09657188,
          0,
          0,
          0.09657188,
          0.995326,
          0,
          0.80016494,
          3.1110678,
          4.4678435,
          1
        ]
      },
      {
        "date" : 756657464.563641,
        "title" : "Untitled",
        "transform" : [
          1,
          0,
          0,
          0,
          0,
          0.995326,
          -0.09657188,
          0,
          0,
          0.09657188,
          0.995326,
          0,
          -2.9708638,
          1.814055,
          4.593686,
          1
        ]
      }
    ],
    "6080C1EC-73D7-45C0-95C0-16608741F506" : [
      {
        "date" : 737218091.302277,
        "title" : "Untitled",
        "transform" : [
          1,
          0,
          0,
          0,
          0,
          0.8660254,
          -0.5,
          0,
          0,
          0.5,
          0.8660254,
          0,
          0.08135698,
          1.3707597,
          0.36162543,
          1
        ]
      },
      {
        "date" : 737218066.227481,
        "title" : "Untitled",
        "transform" : [
          1,
          0,
          -0,
          0,
          -0,
          0.8660254,
          -0.5,
          0,
          0,
          0.5,
          0.8660254,
          0,
          0,
          0.2150388,
          0.37245816,
          1
        ]
      }
    ],
    "654A1BA5-90D3-4635-ADC4-8083566F93AB" : [
      {
        "date" : 756570526.854956,
        "title" : "Untitled",
        "transform" : [
          0.9999914,
          1.10108145e-10,
          -0.004141964,
          0,
          -0.0020688483,
          0.86632264,
          -0.49948052,
          0,
          0.0035882771,
          0.4994848,
          0.86631525,
          0,
          0.015618424,
          2.1824405,
          3.7794387,
          1
        ]
      },
      {
        "date" : 756570520.882196,
        "title" : "Untitled",
        "transform" : [
          0.9999915,
          -7.507672e-11,
          -0.004141965,
          0,
          -0.0012015497,
          0.9569988,
          -0.29008922,
          0,
          0.0039638556,
          0.29009172,
          0.95699066,
          0,
          -2.6280098,
          3.1199555,
          -42.16433,
          1
        ]
      },
      {
        "date" : 756506499.123153,
        "title" : "Untitled",
        "transform" : [
          0.9999915,
          -7.507672e-11,
          -0.004141965,
          0,
          -0.0012015497,
          0.9569988,
          -0.29008922,
          0,
          0.0039638556,
          0.29009172,
          0.95699066,
          0,
          0.030080924,
          1.1995256,
          -43.02432,
          1
        ]
      },
      {
        "date" : 756506495.846241,
        "title" : "Untitled",
        "transform" : [
          0.9999914,
          -1.5531132e-10,
          -0.004141965,
          0,
          -0.0012015494,
          0.9569989,
          -0.29008922,
          0,
          0.003963854,
          0.29009166,
          0.9569907,
          0,
          2.5600243,
          8.181388,
          -64.15313,
          1
        ]
      },
      {
        "date" : 754768381.725735,
        "title" : "Untitled",
        "transform" : [
          0.99982834,
          -1.5531132e-10,
          -0.018529955,
          0,
          -0.0053753858,
          0.9569989,
          -0.2900419,
          0,
          0.017733146,
          0.29009166,
          0.9568346,
          0,
          0.13481934,
          5.2618685,
          -31.75748,
          1
        ]
      },
      {
        "date" : 754768377.29973,
        "title" : "Untitled",
        "transform" : [
          0.9999931,
          0,
          0.003723136,
          0,
          0.001861568,
          0.8660254,
          -0.49999654,
          0,
          -0.0032243303,
          0.5,
          0.8660194,
          0,
          -0.2453111,
          9.069221,
          -33.40473,
          1
        ]
      },
      {
        "date" : 753216503.12539,
        "title" : "Untitled",
        "transform" : [
          0.9999931,
          0,
          0.003723136,
          0,
          0.001861568,
          0.8660254,
          -0.49999654,
          0,
          -0.0032243303,
          0.5,
          0.8660194,
          0,
          -0.1995359,
          1.9707441,
          -45.69953,
          1
        ]
      },
      {
        "date" : 737579160.537149,
        "title" : "Untitled",
        "transform" : [
          0.9999931,
          0,
          0.003723136,
          0,
          0.001861568,
          0.8660254,
          -0.49999654,
          0,
          -0.0032243303,
          0.5,
          0.8660194,
          0,
          -0.041024372,
          1.8740962,
          0.88046646,
          1
        ]
      },
      {
        "date" : 737475772.590759,
        "title" : "Untitled",
        "transform" : [
          0.9999931,
          0,
          0.003723136,
          0,
          0.001861568,
          0.8660254,
          -0.49999654,
          0,
          -0.0032243303,
          0.5,
          0.8660194,
          0,
          -0.0054803323,
          0.8498404,
          1.4719567,
          1
        ]
      },
      {
        "date" : 737475556.359598,
        "title" : "Untitled",
        "transform" : [
          1,
          0,
          -0,
          0,
          -0,
          0.8660254,
          -0.5,
          0,
          0,
          0.5,
          0.8660254,
          0,
          0,
          0.2150388,
          0.37245816,
          1
        ]
      }
    ],
    "D4588DAC-986B-442B-97D8-3E8ADFC2BC2A" : [
      {
        "date" : 758043814.851232,
        "title" : "Untitled",
        "transform" : [
          0.9609296,
          1.5200838e-08,
          0.2767933,
          0,
          0.12557684,
          0.89116246,
          -0.43595877,
          0,
          -0.24666779,
          0.45368445,
          0.8563442,
          0,
          -2.4287343,
          3.7139394,
          1.0751435,
          1
        ]
      },
      {
        "date" : 758043674.386028,
        "title" : "Untitled",
        "transform" : [
          0.97029036,
          1.5200838e-08,
          0.24194351,
          0,
          0.10976603,
          0.89116246,
          -0.44020563,
          0,
          -0.21561097,
          0.45368445,
          0.86468625,
          0,
          0.011671305,
          1.9205201,
          1.0867996,
          1
        ]
      },
      {
        "date" : 756503278.74218,
        "title" : "Untitled",
        "transform" : [
          0.97029036,
          1.5200838e-08,
          0.24194351,
          0,
          0.10976603,
          0.89116246,
          -0.44020563,
          0,
          -0.21561097,
          0.45368445,
          0.86468625,
          0,
          -0.3490696,
          1.6228757,
          1.153017,
          1
        ]
      },
      {
        "date" : 756498444.912729,
        "title" : "Untitled",
        "transform" : [
          0.97029036,
          1.5200838e-08,
          0.24194351,
          0,
          0.10976603,
          0.89116246,
          -0.44020563,
          0,
          -0.21561097,
          0.45368445,
          0.86468625,
          0,
          -1.740822,
          2.1321197,
          0.53879166,
          1
        ]
      },
      {
        "date" : 756498427.472767,
        "title" : "Untitled",
        "transform" : [
          0.97029036,
          1.5200838e-08,
          0.24194351,
          0,
          0.10976603,
          0.89116246,
          -0.44020563,
          0,
          -0.21561097,
          0.45368445,
          0.86468625,
          0,
          -0.30252585,
          1.6901535,
          1.1293244,
          1
        ]
      },
      {
        "date" : 756498423.917239,
        "title" : "Untitled",
        "transform" : [
          0.99447906,
          1.6095896e-08,
          0.10493482,
          0,
          0.051042005,
          0.8737273,
          -0.48373073,
          0,
          -0.0916844,
          0.4864162,
          0.86890346,
          0,
          -0.13619776,
          1.7323358,
          1.097259,
          1
        ]
      },
      {
        "date" : 756498422.204552,
        "title" : "Untitled",
        "transform" : [
          0.9847965,
          1.6100707e-08,
          -0.17371173,
          0,
          -0.084938474,
          0.872305,
          -0.48152834,
          0,
          0.1515296,
          0.48896226,
          0.8590428,
          0,
          0.9998924,
          1.7442573,
          0.9731988,
          1
        ]
      },
      {
        "date" : 756498416.713516,
        "title" : "Untitled",
        "transform" : [
          0.34717458,
          1.5069444e-08,
          -0.9378005,
          0,
          -0.3317169,
          0.93535215,
          -0.1228019,
          0,
          0.87717366,
          0.35371798,
          0.32473046,
          0,
          1.576433,
          1.5563804,
          -0.28613448,
          1
        ]
      },
      {
        "date" : 756498407.393046,
        "title" : "Untitled",
        "transform" : [
          0.34717458,
          1.5069444e-08,
          -0.9378005,
          0,
          -0.3317169,
          0.93535215,
          -0.1228019,
          0,
          0.87717366,
          0.35371798,
          0.32473046,
          0,
          5.947865,
          3.3308372,
          2.2228618,
          1
        ]
      },
      {
        "date" : 756498402.968568,
        "title" : "Untitled",
        "transform" : [
          0.31556147,
          1.5069444e-08,
          -0.94890517,
          0,
          -0.33564478,
          0.93535215,
          -0.11161978,
          0,
          0.88756037,
          0.35371798,
          0.29516107,
          0,
          4.1524863,
          1.2870239,
          -1.3681092,
          1
        ]
      }
    ],
    "EB08777C-F2E4-4731-965E-D19D29053AA3" : [
      {
        "date" : 756656283.831751,
        "title" : "Untitled",
        "transform" : [
          -0.99889106,
          -3.2376708e-09,
          -0.04708158,
          0,
          -0.009461244,
          0.9796006,
          0.20073137,
          0,
          0.04612114,
          0.20095421,
          -0.97851425,
          0,
          0.09959062,
          0.090769194,
          -0.5278104,
          1
        ]
      },
      {
        "date" : 756656261.146128,
        "title" : "Untitled",
        "transform" : [
          -0.99889106,
          -3.2376708e-09,
          -0.04708158,
          0,
          -0.009461244,
          0.9796006,
          0.20073137,
          0,
          0.04612114,
          0.20095421,
          -0.97851425,
          0,
          0.06311989,
          2.1867473,
          -56.556095,
          1
        ]
      },
      {
        "date" : 756656238.991658,
        "title" : "Untitled",
        "transform" : [
          -0.99889106,
          -3.2376708e-09,
          -0.04708158,
          0,
          -0.009461244,
          0.9796006,
          0.20073137,
          0,
          0.04612114,
          0.20095421,
          -0.97851425,
          0,
          0.25070357,
          2.5275671,
          -56.47726,
          1
        ]
      },
      {
        "date" : 756656232.481305,
        "title" : "Untitled",
        "transform" : [
          -0.99889106,
          -3.2376708e-09,
          -0.04708158,
          0,
          -0.009461244,
          0.9796006,
          0.20073137,
          0,
          0.04612114,
          0.20095421,
          -0.97851425,
          0,
          0.39761424,
          1.693444,
          -56.641636,
          1
        ]
      },
      {
        "date" : 756656223.195803,
        "title" : "Untitled",
        "transform" : [
          -0.99889106,
          -3.2376708e-09,
          -0.04708158,
          0,
          -0.009461244,
          0.9796006,
          0.20073137,
          0,
          0.04612114,
          0.20095421,
          -0.97851425,
          0,
          1.0316284,
          2.596169,
          -56.42636,
          1
        ]
      },
      {
        "date" : 756656215.325765,
        "title" : "Untitled",
        "transform" : [
          -0.99889106,
          -3.2376708e-09,
          -0.04708158,
          0,
          -0.009461244,
          0.9796006,
          0.20073137,
          0,
          0.04612114,
          0.20095421,
          -0.97851425,
          0,
          2.5144138,
          3.6173606,
          -56.14675,
          1
        ]
      },
      {
        "date" : 756656213.505621,
        "title" : "Untitled",
        "transform" : [
          -0.99889106,
          -3.2376708e-09,
          -0.04708158,
          0,
          -0.009461244,
          0.9796006,
          0.20073137,
          0,
          0.04612114,
          0.20095421,
          -0.97851425,
          0,
          3.2217634,
          4.059872,
          -56.022533,
          1
        ]
      },
      {
        "date" : 756656157.091527,
        "title" : "Untitled",
        "transform" : [
          -0.99889106,
          -3.2376708e-09,
          -0.04708158,
          0,
          -0.009461244,
          0.9796006,
          0.20073137,
          0,
          0.04612114,
          0.20095421,
          -0.97851425,
          0,
          0.33886546,
          0.62133396,
          -56.86458,
          1
        ]
      },
      {
        "date" : 756656155.663052,
        "title" : "Untitled",
        "transform" : [
          -0.99889106,
          -3.2376708e-09,
          -0.04708158,
          0,
          -0.009461244,
          0.9796006,
          0.20073137,
          0,
          0.04612114,
          0.20095421,
          -0.97851425,
          0,
          0.16004834,
          0.025919378,
          -53.242188,
          1
        ]
      },
      {
        "date" : 756655370.444134,
        "title" : "Untitled",
        "transform" : [
          -0.998891,
          -3.5637726e-09,
          -0.047081567,
          0,
          -0.009461221,
          0.9796006,
          0.20073137,
          0,
          0.04612112,
          0.20095408,
          -0.9785144,
          0,
          -0.021403357,
          0.56719375,
          -0.5776197,
          1
        ]
      }
    ]
  },
  "selectedSceneRelativePath" : "Planets.usda"
}