{
  "advancedEditorSelectedIdentifier" : "ProjectBrowser",
  "openSceneRelativePaths" : [
    "Planets.usda",
    "TravelToMars.usda",
    "Untitled Scene.usda"
  ],
  "recentIdentifiers" : {
    "26DBAE76-5DD8-47B6-A085-1B4ADA111097" : [

    ],
    "6080C1EC-73D7-45C0-95C0-16608741F506" : [

    ],
    "654A1BA5-90D3-4635-ADC4-8083566F93AB" : [

    ],
    "AE7F112C-4234-4947-92D2-8D9D9D34D7A6" : [

    ],
    "D4588DAC-986B-442B-97D8-3E8ADFC2BC2A" : [

    ]
  },
  "sceneCameraHistory" : {
    "26DBAE76-5DD8-47B6-A085-1B4ADA111097" : [
      {
        "date" : 737199254.938937,
        "title" : "Untitled",
        "transform" : [
          0.9955315,
          -4.548741e-09,
          -0.09443051,
          0,
          -0.038964823,
          0.9108989,
          -0.4107857,
          0,
          0.086016715,
          0.41262954,
          0.90682846,
          0,
          0.5672262,
          1.9519703,
          1.631,
          1
        ]
      },
      {
        "date" : 737198793.54487,
        "title" : "Untitled",
        "transform" : [
          0.9955315,
          -4.548741e-09,
          -0.09443051,
          0,
          -0.038964823,
          0.9108989,
          -0.4107857,
          0,
          0.086016715,
          0.41262954,
          0.90682846,
          0,
          1.1001482,
          2.130436,
          1.4992437,
          1
        ]
      },
      {
        "date" : 737198789.77096,
        "title" : "Untitled",
        "transform" : [
          0.9955315,
          -4.548741e-09,
          -0.09443051,
          0,
          -0.038964823,
          0.9108989,
          -0.4107857,
          0,
          0.086016715,
          0.41262954,
          0.90682846,
          0,
          0.40142602,
          1.5287566,
          1.8392997,
          1
        ]
      },
      {
        "date" : 737198697.239593,
        "title" : "Untitled",
        "transform" : [
          0.9955315,
          -4.548741e-09,
          -0.09443051,
          0,
          -0.038964823,
          0.9108989,
          -0.4107857,
          0,
          0.086016715,
          0.41262954,
          0.90682846,
          0,
          0.19703317,
          0.8352976,
          2.1742282,
          1
        ]
      },
      {
        "date" : 737198694.0523,
        "title" : "Untitled",
        "transform" : [
          0.9662231,
          -4.2218873e-09,
          -0.25770718,
          0,
          -0.17239761,
          0.7432921,
          -0.6463714,
          0,
          0.19155174,
          0.66896707,
          0.7181859,
          0,
          0.5323415,
          1.6351149,
          2.2033844,
          1
        ]
      },
      {
        "date" : 737197420.970996,
        "title" : "Untitled",
        "transform" : [
          0.9662231,
          -4.2218873e-09,
          -0.25770718,
          0,
          -0.17239761,
          0.7432921,
          -0.6463714,
          0,
          0.19155174,
          0.66896707,
          0.7181859,
          0,
          0.6025634,
          2.171856,
          1.6846981,
          1
        ]
      },
      {
        "date" : 737197236.758342,
        "title" : "Untitled",
        "transform" : [
          0.9662231,
          -4.2218873e-09,
          -0.25770718,
          0,
          -0.17239761,
          0.7432921,
          -0.6463714,
          0,
          0.19155174,
          0.66896707,
          0.7181859,
          0,
          0.102215335,
          0.5479221,
          0.8513718,
          1
        ]
      },
      {
        "date" : 737197182.146191,
        "title" : "Untitled",
        "transform" : [
          0.860776,
          -4.231935e-09,
          -0.508984,
          0,
          -0.33911365,
          0.7457231,
          -0.5734972,
          0,
          0.37956125,
          0.666256,
          0.6419006,
          0,
          0.61605996,
          0.9837092,
          1.0350938,
          1
        ]
      },
      {
        "date" : 737197169.161898,
        "title" : "Untitled",
        "transform" : [
          0.6968318,
          -1.0938351e-08,
          -0.7172346,
          0,
          -0.38531035,
          0.8434443,
          -0.37434965,
          0,
          0.6049475,
          0.5372166,
          0.5877388,
          0,
          0.96885526,
          0.7764866,
          0.93649375,
          1
        ]
      },
      {
        "date" : 737197164.071945,
        "title" : "Untitled",
        "transform" : [
          0.9999939,
          0,
          0.0034942555,
          0,
          0.0024708114,
          0.7071068,
          -0.7071024,
          0,
          -0.002470812,
          0.70710677,
          0.7071026,
          0,
          0.37761047,
          1.1094786,
          1.0890572,
          1
        ]
      }
    ],
    "6080C1EC-73D7-45C0-95C0-16608741F506" : [
      {
        "date" : 737218091.302277,
        "title" : "Untitled",
        "transform" : [
          1,
          0,
          0,
          0,
          0,
          0.8660254,
          -0.5,
          0,
          0,
          0.5,
          0.8660254,
          0,
          0.08135698,
          1.3707597,
          0.36162543,
          1
        ]
      },
      {
        "date" : 737218066.227481,
        "title" : "Untitled",
        "transform" : [
          1,
          0,
          -0,
          0,
          -0,
          0.8660254,
          -0.5,
          0,
          0,
          0.5,
          0.8660254,
          0,
          0,
          0.2150388,
          0.37245816,
          1
        ]
      }
    ],
    "654A1BA5-90D3-4635-ADC4-8083566F93AB" : [
      {
        "date" : 737579160.537149,
        "title" : "Untitled",
        "transform" : [
          0.9999931,
          0,
          0.003723136,
          0,
          0.001861568,
          0.8660254,
          -0.49999654,
          0,
          -0.0032243303,
          0.5,
          0.8660194,
          0,
          -0.041024372,
          1.8740962,
          0.88046646,
          1
        ]
      },
      {
        "date" : 737475772.590759,
        "title" : "Untitled",
        "transform" : [
          0.9999931,
          0,
          0.003723136,
          0,
          0.001861568,
          0.8660254,
          -0.49999654,
          0,
          -0.0032243303,
          0.5,
          0.8660194,
          0,
          -0.0054803323,
          0.8498404,
          1.4719567,
          1
        ]
      },
      {
        "date" : 737475556.359598,
        "title" : "Untitled",
        "transform" : [
          1,
          0,
          -0,
          0,
          -0,
          0.8660254,
          -0.5,
          0,
          0,
          0.5,
          0.8660254,
          0,
          0,
          0.2150388,
          0.37245816,
          1
        ]
      }
    ],
    "D4588DAC-986B-442B-97D8-3E8ADFC2BC2A" : [
      {
        "date" : 752425795.307142,
        "title" : "Untitled",
        "transform" : [
          0.006549013,
          -9.376134e-11,
          -0.9999786,
          0,
          -0.20929088,
          0.97785246,
          -0.0013706781,
          0,
          0.97783154,
          0.20929539,
          0.006403968,
          0,
          4.8953176,
          1.5311447,
          -13.685795,
          1
        ]
      },
      {
        "date" : 752425788.140338,
        "title" : "Untitled",
        "transform" : [
          0.006549013,
          -9.376134e-11,
          -0.9999786,
          0,
          -0.20929088,
          0.97785246,
          -0.0013706781,
          0,
          0.97783154,
          0.20929539,
          0.006403968,
          0,
          4.894591,
          1.5311447,
          -13.574298,
          1
        ]
      },
      {
        "date" : 752425777.320814,
        "title" : "Untitled",
        "transform" : [
          0.006549013,
          -9.376134e-11,
          -0.9999786,
          0,
          -0.20929088,
          0.97785246,
          -0.0013706781,
          0,
          0.97783154,
          0.20929539,
          0.006403968,
          0,
          4.9657493,
          1.5311447,
          -24.443672,
          1
        ]
      },
      {
        "date" : 752425768.590947,
        "title" : "Untitled",
        "transform" : [
          0.006549013,
          -9.376134e-11,
          -0.9999786,
          0,
          -0.20929088,
          0.97785246,
          -0.0013706781,
          0,
          0.97783154,
          0.20929539,
          0.006403968,
          0,
          4.8309283,
          1.5311447,
          -3.8536167,
          1
        ]
      },
      {
        "date" : 752425756.863574,
        "title" : "Untitled",
        "transform" : [
          0.006549013,
          -9.376134e-11,
          -0.9999786,
          0,
          -0.20929088,
          0.97785246,
          -0.0013706781,
          0,
          0.97783154,
          0.20929539,
          0.006403968,
          0,
          4.9394045,
          1.5311447,
          -20.4184,
          1
        ]
      },
      {
        "date" : 752425733.212784,
        "title" : "Untitled",
        "transform" : [
          0.9936552,
          -4.3327507e-08,
          -0.11246951,
          0,
          0.0055693053,
          0.9987733,
          0.049203783,
          0,
          0.112331524,
          -0.049517963,
          0.9924362,
          0,
          0.6916173,
          0.3975727,
          -7.767169,
          1
        ]
      },
      {
        "date" : 752425712.348729,
        "title" : "Untitled",
        "transform" : [
          0.9870864,
          1.0124452e-09,
          0.16018856,
          0,
          0.0943979,
          0.8079198,
          -0.58168256,
          0,
          -0.1294195,
          0.58929247,
          0.79748666,
          0,
          0.8815118,
          3.6657655,
          -12.30969,
          1
        ]
      },
      {
        "date" : 752425703.704562,
        "title" : "Untitled",
        "transform" : [
          0.8596681,
          -6.084493e-08,
          0.510853,
          0,
          0.2578123,
          0.8633122,
          -0.4338489,
          0,
          -0.44102553,
          0.50467026,
          0.74216205,
          0,
          -2.141386,
          -0.97848296,
          0.13249439,
          1
        ]
      },
      {
        "date" : 752425681.918199,
        "title" : "Untitled",
        "transform" : [
          0.8596681,
          -6.084493e-08,
          0.510853,
          0,
          0.2578123,
          0.8633122,
          -0.4338489,
          0,
          -0.44102553,
          0.50467026,
          0.74216205,
          0,
          -5.27492,
          5.2527742,
          0.76912427,
          1
        ]
      },
      {
        "date" : 752425676.481984,
        "title" : "Untitled",
        "transform" : [
          0.15443763,
          -5.9484524e-08,
          0.9880026,
          0,
          0.46684507,
          0.8813231,
          -0.072973944,
          0,
          -0.8707495,
          0.47251406,
          0.13610953,
          0,
          -6.432078,
          5.0309105,
          -4.635479,
          1
        ]
      }
    ]
  },
  "selectedSceneRelativePath" : "AudioController.usda"
}