{
  "advancedEditorSelectedIdentifier" : "ProjectBrowser",
  "openSceneRelativePaths" : [
    "Planets.usda",
    "TravelToMars.usda"
  ],
  "recentIdentifiers" : {
    "26DBAE76-5DD8-47B6-A085-1B4ADA111097" : [

    ],
    "6080C1EC-73D7-45C0-95C0-16608741F506" : [

    ],
    "D4588DAC-986B-442B-97D8-3E8ADFC2BC2A" : [

    ]
  },
  "sceneCameraHistory" : {
    "26DBAE76-5DD8-47B6-A085-1B4ADA111097" : [
      {
        "date" : 737199254.938937,
        "title" : "Untitled",
        "transform" : [
          0.9955315,
          -4.548741e-09,
          -0.09443051,
          0,
          -0.038964823,
          0.9108989,
          -0.4107857,
          0,
          0.086016715,
          0.41262954,
          0.90682846,
          0,
          0.5672262,
          1.9519703,
          1.631,
          1
        ]
      },
      {
        "date" : 737198793.54487,
        "title" : "Untitled",
        "transform" : [
          0.9955315,
          -4.548741e-09,
          -0.09443051,
          0,
          -0.038964823,
          0.9108989,
          -0.4107857,
          0,
          0.086016715,
          0.41262954,
          0.90682846,
          0,
          1.1001482,
          2.130436,
          1.4992437,
          1
        ]
      },
      {
        "date" : 737198789.77096,
        "title" : "Untitled",
        "transform" : [
          0.9955315,
          -4.548741e-09,
          -0.09443051,
          0,
          -0.038964823,
          0.9108989,
          -0.4107857,
          0,
          0.086016715,
          0.41262954,
          0.90682846,
          0,
          0.40142602,
          1.5287566,
          1.8392997,
          1
        ]
      },
      {
        "date" : 737198697.239593,
        "title" : "Untitled",
        "transform" : [
          0.9955315,
          -4.548741e-09,
          -0.09443051,
          0,
          -0.038964823,
          0.9108989,
          -0.4107857,
          0,
          0.086016715,
          0.41262954,
          0.90682846,
          0,
          0.19703317,
          0.8352976,
          2.1742282,
          1
        ]
      },
      {
        "date" : 737198694.0523,
        "title" : "Untitled",
        "transform" : [
          0.9662231,
          -4.2218873e-09,
          -0.25770718,
          0,
          -0.17239761,
          0.7432921,
          -0.6463714,
          0,
          0.19155174,
          0.66896707,
          0.7181859,
          0,
          0.5323415,
          1.6351149,
          2.2033844,
          1
        ]
      },
      {
        "date" : 737197420.970996,
        "title" : "Untitled",
        "transform" : [
          0.9662231,
          -4.2218873e-09,
          -0.25770718,
          0,
          -0.17239761,
          0.7432921,
          -0.6463714,
          0,
          0.19155174,
          0.66896707,
          0.7181859,
          0,
          0.6025634,
          2.171856,
          1.6846981,
          1
        ]
      },
      {
        "date" : 737197236.758342,
        "title" : "Untitled",
        "transform" : [
          0.9662231,
          -4.2218873e-09,
          -0.25770718,
          0,
          -0.17239761,
          0.7432921,
          -0.6463714,
          0,
          0.19155174,
          0.66896707,
          0.7181859,
          0,
          0.102215335,
          0.5479221,
          0.8513718,
          1
        ]
      },
      {
        "date" : 737197182.146191,
        "title" : "Untitled",
        "transform" : [
          0.860776,
          -4.231935e-09,
          -0.508984,
          0,
          -0.33911365,
          0.7457231,
          -0.5734972,
          0,
          0.37956125,
          0.666256,
          0.6419006,
          0,
          0.61605996,
          0.9837092,
          1.0350938,
          1
        ]
      },
      {
        "date" : 737197169.161898,
        "title" : "Untitled",
        "transform" : [
          0.6968318,
          -1.0938351e-08,
          -0.7172346,
          0,
          -0.38531035,
          0.8434443,
          -0.37434965,
          0,
          0.6049475,
          0.5372166,
          0.5877388,
          0,
          0.96885526,
          0.7764866,
          0.93649375,
          1
        ]
      },
      {
        "date" : 737197164.071945,
        "title" : "Untitled",
        "transform" : [
          0.9999939,
          0,
          0.0034942555,
          0,
          0.0024708114,
          0.7071068,
          -0.7071024,
          0,
          -0.002470812,
          0.70710677,
          0.7071026,
          0,
          0.37761047,
          1.1094786,
          1.0890572,
          1
        ]
      }
    ],
    "654A1BA5-90D3-4635-ADC4-8083566F93AB" : [
      {
        "date" : 737579160.537149,
        "title" : "Untitled",
        "transform" : [
          0.9999931,
          0,
          0.003723136,
          0,
          0.001861568,
          0.8660254,
          -0.49999654,
          0,
          -0.0032243303,
          0.5,
          0.8660194,
          0,
          -0.041024372,
          1.8740962,
          0.88046646,
          1
        ]
      },
      {
        "date" : 737475772.590759,
        "title" : "Untitled",
        "transform" : [
          0.9999931,
          0,
          0.003723136,
          0,
          0.001861568,
          0.8660254,
          -0.49999654,
          0,
          -0.0032243303,
          0.5,
          0.8660194,
          0,
          -0.0054803323,
          0.8498404,
          1.4719567,
          1
        ]
      },
      {
        "date" : 737475556.359598,
        "title" : "Untitled",
        "transform" : [
          1,
          0,
          -0,
          0,
          -0,
          0.8660254,
          -0.5,
          0,
          0,
          0.5,
          0.8660254,
          0,
          0,
          0.2150388,
          0.37245816,
          1
        ]
      }
    ],
    "6080C1EC-73D7-45C0-95C0-16608741F506" : [
      {
        "date" : 737218091.302277,
        "title" : "Untitled",
        "transform" : [
          1,
          0,
          0,
          0,
          0,
          0.8660254,
          -0.5,
          0,
          0,
          0.5,
          0.8660254,
          0,
          0.08135698,
          1.3707597,
          0.36162543,
          1
        ]
      },
      {
        "date" : 737218066.227481,
        "title" : "Untitled",
        "transform" : [
          1,
          0,
          -0,
          0,
          -0,
          0.8660254,
          -0.5,
          0,
          0,
          0.5,
          0.8660254,
          0,
          0,
          0.2150388,
          0.37245816,
          1
        ]
      }
    ],
    "D4588DAC-986B-442B-97D8-3E8ADFC2BC2A" : [
      {
        "date" : 737935953.360618,
        "title" : "Untitled",
        "transform" : [
          0.10442119,
          -1.371234e-07,
          -0.9945331,
          0,
          -0.6751279,
          0.73428714,
          -0.07088525,
          0,
          0.73027295,
          0.67883897,
          0.07667511,
          0,
          2.8687901,
          3.2427504,
          -2.2986534,
          1
        ]
      },
      {
        "date" : 737935952.129737,
        "title" : "Untitled",
        "transform" : [
          0.10442119,
          -1.371234e-07,
          -0.9945331,
          0,
          -0.6751279,
          0.73428714,
          -0.07088525,
          0,
          0.73027295,
          0.67883897,
          0.07667511,
          0,
          2.8289757,
          3.3919008,
          -3.239946,
          1
        ]
      },
      {
        "date" : 737926293.423666,
        "title" : "Untitled",
        "transform" : [
          0.10442119,
          -1.371234e-07,
          -0.9945331,
          0,
          -0.6751279,
          0.73428714,
          -0.07088525,
          0,
          0.73027295,
          0.67883897,
          0.07667511,
          0,
          0.9425193,
          1.7969006,
          -4.0801926,
          1
        ]
      },
      {
        "date" : 737925996.328386,
        "title" : "Untitled",
        "transform" : [
          0.10442119,
          -1.371234e-07,
          -0.9945331,
          0,
          -0.6751279,
          0.73428714,
          -0.07088525,
          0,
          0.73027295,
          0.67883897,
          0.07667511,
          0,
          0.95937383,
          1.7892371,
          -4.1728663,
          1
        ]
      },
      {
        "date" : 737925640.847998,
        "title" : "Untitled",
        "transform" : [
          0.10442119,
          -1.371234e-07,
          -0.9945331,
          0,
          -0.6751279,
          0.73428714,
          -0.07088525,
          0,
          0.73027295,
          0.67883897,
          0.07667511,
          0,
          6.8147845,
          6.979408,
          -3.0336971,
          1
        ]
      },
      {
        "date" : 737923460.475136,
        "title" : "Untitled",
        "transform" : [
          0.10442119,
          -1.371234e-07,
          -0.9945331,
          0,
          -0.6751279,
          0.73428714,
          -0.07088525,
          0,
          0.73027295,
          0.67883897,
          0.07667511,
          0,
          7.26786,
          6.734224,
          -5.1781735,
          1
        ]
      },
      {
        "date" : 737923454.191064,
        "title" : "Untitled",
        "transform" : [
          0.36232483,
          -1.3678957e-07,
          -0.9320519,
          0,
          -0.7069201,
          0.65172464,
          -0.2748074,
          0,
          0.6074412,
          0.75845563,
          0.23613597,
          0,
          6.517187,
          7.534012,
          -4.523795,
          1
        ]
      },
      {
        "date" : 737923447.317916,
        "title" : "Untitled",
        "transform" : [
          0.36232483,
          -1.3678957e-07,
          -0.9320519,
          0,
          -0.7069201,
          0.65172464,
          -0.2748074,
          0,
          0.6074412,
          0.75845563,
          0.23613597,
          0,
          5.947364,
          8.117218,
          -4.931201,
          1
        ]
      },
      {
        "date" : 737923404.389379,
        "title" : "Untitled",
        "transform" : [
          0.023148272,
          -1.3383085e-07,
          -0.999732,
          0,
          -0.3544987,
          0.9350205,
          -0.008208357,
          0,
          0.9347699,
          0.35459366,
          0.021644061,
          0,
          5.8822393,
          2.8627653,
          -3.2298832,
          1
        ]
      },
      {
        "date" : 737923400.670362,
        "title" : "Untitled",
        "transform" : [
          0.023148272,
          -1.3383085e-07,
          -0.999732,
          0,
          -0.3544987,
          0.9350205,
          -0.008208357,
          0,
          0.9347699,
          0.35459366,
          0.021644061,
          0,
          5.722309,
          3.4153957,
          -5.3764763,
          1
        ]
      }
    ]
  },
  "selectedSceneRelativePath" : "Planets.usda"
}