{
  "advancedEditorSelectedIdentifier" : "ProjectBrowser",
  "openSceneRelativePaths" : [
    "Planets.usda",
    "Test.usda"
  ],
  "recentIdentifiers" : {
    "26DBAE76-5DD8-47B6-A085-1B4ADA111097" : [

    ],
    "6080C1EC-73D7-45C0-95C0-16608741F506" : [

    ],
    "D4588DAC-986B-442B-97D8-3E8ADFC2BC2A" : [

    ]
  },
  "sceneCameraHistory" : {
    "26DBAE76-5DD8-47B6-A085-1B4ADA111097" : [
      {
        "date" : 737199254.938937,
        "title" : "Untitled",
        "transform" : [
          0.9955315,
          -4.548741e-09,
          -0.09443051,
          0,
          -0.038964823,
          0.9108989,
          -0.4107857,
          0,
          0.086016715,
          0.41262954,
          0.90682846,
          0,
          0.5672262,
          1.9519703,
          1.631,
          1
        ]
      },
      {
        "date" : 737198793.54487,
        "title" : "Untitled",
        "transform" : [
          0.9955315,
          -4.548741e-09,
          -0.09443051,
          0,
          -0.038964823,
          0.9108989,
          -0.4107857,
          0,
          0.086016715,
          0.41262954,
          0.90682846,
          0,
          1.1001482,
          2.130436,
          1.4992437,
          1
        ]
      },
      {
        "date" : 737198789.77096,
        "title" : "Untitled",
        "transform" : [
          0.9955315,
          -4.548741e-09,
          -0.09443051,
          0,
          -0.038964823,
          0.9108989,
          -0.4107857,
          0,
          0.086016715,
          0.41262954,
          0.90682846,
          0,
          0.40142602,
          1.5287566,
          1.8392997,
          1
        ]
      },
      {
        "date" : 737198697.239593,
        "title" : "Untitled",
        "transform" : [
          0.9955315,
          -4.548741e-09,
          -0.09443051,
          0,
          -0.038964823,
          0.9108989,
          -0.4107857,
          0,
          0.086016715,
          0.41262954,
          0.90682846,
          0,
          0.19703317,
          0.8352976,
          2.1742282,
          1
        ]
      },
      {
        "date" : 737198694.0523,
        "title" : "Untitled",
        "transform" : [
          0.9662231,
          -4.2218873e-09,
          -0.25770718,
          0,
          -0.17239761,
          0.7432921,
          -0.6463714,
          0,
          0.19155174,
          0.66896707,
          0.7181859,
          0,
          0.5323415,
          1.6351149,
          2.2033844,
          1
        ]
      },
      {
        "date" : 737197420.970996,
        "title" : "Untitled",
        "transform" : [
          0.9662231,
          -4.2218873e-09,
          -0.25770718,
          0,
          -0.17239761,
          0.7432921,
          -0.6463714,
          0,
          0.19155174,
          0.66896707,
          0.7181859,
          0,
          0.6025634,
          2.171856,
          1.6846981,
          1
        ]
      },
      {
        "date" : 737197236.758342,
        "title" : "Untitled",
        "transform" : [
          0.9662231,
          -4.2218873e-09,
          -0.25770718,
          0,
          -0.17239761,
          0.7432921,
          -0.6463714,
          0,
          0.19155174,
          0.66896707,
          0.7181859,
          0,
          0.102215335,
          0.5479221,
          0.8513718,
          1
        ]
      },
      {
        "date" : 737197182.146191,
        "title" : "Untitled",
        "transform" : [
          0.860776,
          -4.231935e-09,
          -0.508984,
          0,
          -0.33911365,
          0.7457231,
          -0.5734972,
          0,
          0.37956125,
          0.666256,
          0.6419006,
          0,
          0.61605996,
          0.9837092,
          1.0350938,
          1
        ]
      },
      {
        "date" : 737197169.161898,
        "title" : "Untitled",
        "transform" : [
          0.6968318,
          -1.0938351e-08,
          -0.7172346,
          0,
          -0.38531035,
          0.8434443,
          -0.37434965,
          0,
          0.6049475,
          0.5372166,
          0.5877388,
          0,
          0.96885526,
          0.7764866,
          0.93649375,
          1
        ]
      },
      {
        "date" : 737197164.071945,
        "title" : "Untitled",
        "transform" : [
          0.9999939,
          0,
          0.0034942555,
          0,
          0.0024708114,
          0.7071068,
          -0.7071024,
          0,
          -0.002470812,
          0.70710677,
          0.7071026,
          0,
          0.37761047,
          1.1094786,
          1.0890572,
          1
        ]
      }
    ],
    "6080C1EC-73D7-45C0-95C0-16608741F506" : [
      {
        "date" : 737218091.302277,
        "title" : "Untitled",
        "transform" : [
          1,
          0,
          0,
          0,
          0,
          0.8660254,
          -0.5,
          0,
          0,
          0.5,
          0.8660254,
          0,
          0.08135698,
          1.3707597,
          0.36162543,
          1
        ]
      },
      {
        "date" : 737218066.227481,
        "title" : "Untitled",
        "transform" : [
          1,
          0,
          -0,
          0,
          -0,
          0.8660254,
          -0.5,
          0,
          0,
          0.5,
          0.8660254,
          0,
          0,
          0.2150388,
          0.37245816,
          1
        ]
      }
    ],
    "D4588DAC-986B-442B-97D8-3E8ADFC2BC2A" : [
      {
        "date" : 737218968.650866,
        "title" : "Untitled",
        "transform" : [
          -0.039836433,
          -1.3652988e-07,
          -0.99920624,
          0,
          -0.44182622,
          0.8969278,
          0.017614646,
          0,
          0.89621574,
          0.44217718,
          -0.035730507,
          0,
          2.845936,
          2.2387562,
          -5.8949466,
          1
        ]
      },
      {
        "date" : 737218947.120935,
        "title" : "Untitled",
        "transform" : [
          -0.039836433,
          -1.3652988e-07,
          -0.99920624,
          0,
          -0.44182622,
          0.8969278,
          0.017614646,
          0,
          0.89621574,
          0.44217718,
          -0.035730507,
          0,
          2.8490071,
          2.226393,
          -5.970909,
          1
        ]
      },
      {
        "date" : 737217505.996368,
        "title" : "Untitled",
        "transform" : [
          -0.039836433,
          -1.3652988e-07,
          -0.99920624,
          0,
          -0.44182622,
          0.8969278,
          0.017614646,
          0,
          0.89621574,
          0.44217718,
          -0.035730507,
          0,
          3.081118,
          2.1034613,
          -1.6702824,
          1
        ]
      },
      {
        "date" : 737217498.609219,
        "title" : "Untitled",
        "transform" : [
          -0.039836433,
          -1.3652988e-07,
          -0.99920624,
          0,
          -0.44182622,
          0.8969278,
          0.017614646,
          0,
          0.89621574,
          0.44217718,
          -0.035730507,
          0,
          2.9200983,
          2.0559006,
          -6.2976627,
          1
        ]
      },
      {
        "date" : 737217493.208493,
        "title" : "Untitled",
        "transform" : [
          -0.039836433,
          -1.3652988e-07,
          -0.99920624,
          0,
          -0.44182622,
          0.8969278,
          0.017614646,
          0,
          0.89621574,
          0.44217718,
          -0.035730507,
          0,
          3.8136935,
          2.8536282,
          -2.7085905,
          1
        ]
      },
      {
        "date" : 737217477.654572,
        "title" : "Untitled",
        "transform" : [
          -0.039836433,
          -1.3652988e-07,
          -0.99920624,
          0,
          -0.44182622,
          0.8969278,
          0.017614646,
          0,
          0.89621574,
          0.44217718,
          -0.035730507,
          0,
          1.4912997,
          1.635838,
          -5.2528443,
          1
        ]
      },
      {
        "date" : 737217461.406081,
        "title" : "Untitled",
        "transform" : [
          -0.039836433,
          -1.3652988e-07,
          -0.99920624,
          0,
          -0.44182622,
          0.8969278,
          0.017614646,
          0,
          0.89621574,
          0.44217718,
          -0.035730507,
          0,
          1.4108218,
          1.6937056,
          -6.555315,
          1
        ]
      },
      {
        "date" : 737217459.94048,
        "title" : "Untitled",
        "transform" : [
          -0.039836433,
          -1.3652988e-07,
          -0.99920624,
          0,
          -0.44182622,
          0.8969278,
          0.017614646,
          0,
          0.89621574,
          0.44217718,
          -0.035730507,
          0,
          0.4857951,
          1.238867,
          -6.519047,
          1
        ]
      },
      {
        "date" : 737217451.565192,
        "title" : "Untitled",
        "transform" : [
          -0.03983648,
          -9.190181e-08,
          -0.9992062,
          0,
          -0.44182616,
          0.8969277,
          0.017614694,
          0,
          0.8962158,
          0.44217727,
          -0.035730463,
          0,
          1.8506144,
          1.6295373,
          -6.462925,
          1
        ]
      },
      {
        "date" : 737217417.479432,
        "title" : "Untitled",
        "transform" : [
          -0.03983648,
          -9.190181e-08,
          -0.9992062,
          0,
          -0.44182616,
          0.8969277,
          0.017614694,
          0,
          0.8962158,
          0.44217727,
          -0.035730463,
          0,
          1.7847838,
          1.8018305,
          -5.9819493,
          1
        ]
      }
    ]
  },
  "selectedSceneRelativePath" : "Planets.usda"
}