{
  "advancedEditorSelectedIdentifier" : "ProjectBrowser",
  "openSceneRelativePaths" : [
    "TravelToMarsShort.usda",
    "MovingPlanets.usda",
    "TravelToMarsLong.usda",
    "Planets.usda"
  ],
  "recentIdentifiers" : {
    "0196B789-84DD-4FED-9E18-A59CFDAEADA7" : [

    ],
    "26DBAE76-5DD8-47B6-A085-1B4ADA111097" : [

    ],
    "3BF575E3-1271-4EDD-8BCE-B73EF17A1712" : [

    ],
    "6080C1EC-73D7-45C0-95C0-16608741F506" : [

    ],
    "654A1BA5-90D3-4635-ADC4-8083566F93AB" : [

    ],
    "AE7F112C-4234-4947-92D2-8D9D9D34D7A6" : [

    ],
    "D4588DAC-986B-442B-97D8-3E8ADFC2BC2A" : [

    ],
    "EB08777C-F2E4-4731-965E-D19D29053AA3" : [

    ]
  },
  "sceneCameraHistory" : {
    "0196B789-84DD-4FED-9E18-A59CFDAEADA7" : [
      {
        "date" : 761344917.916386,
        "title" : "Untitled",
        "transform" : [
          -0.06585141,
          2.556534e-08,
          0.9978295,
          0,
          0.63833964,
          0.7686013,
          0.042126976,
          0,
          -0.766933,
          0.6397282,
          -0.05061348,
          0,
          -2.2659187,
          1.2582779,
          -99.1285,
          1
        ]
      },
      {
        "date" : 756645645.875599,
        "title" : "Untitled",
        "transform" : [
          -0.065851316,
          9.1426315e-09,
          0.99782944,
          0,
          0.6383396,
          0.76860124,
          0.042126916,
          0,
          -0.76693314,
          0.63972807,
          -0.050613362,
          0,
          -57.163292,
          36.23534,
          -48.528507,
          1
        ]
      },
      {
        "date" : 756642354.614282,
        "title" : "Untitled",
        "transform" : [
          -0.026665496,
          9.1426315e-09,
          0.9996444,
          0,
          0.6395006,
          0.76860124,
          0.017058646,
          0,
          -0.7683281,
          0.63972807,
          -0.020495087,
          0,
          -111.331856,
          64.6913,
          -4.85981,
          1
        ]
      },
      {
        "date" : 756642264.122808,
        "title" : "Untitled",
        "transform" : [
          -0.026665496,
          9.1426315e-09,
          0.9996444,
          0,
          0.6395007,
          0.76860136,
          0.017058648,
          0,
          -0.7683281,
          0.63972807,
          -0.020495087,
          0,
          -125.87173,
          44.91533,
          -77.06559,
          1
        ]
      },
      {
        "date" : 756642257.553564,
        "title" : "Untitled",
        "transform" : [
          0.9518118,
          9.3821555e-09,
          0.30668247,
          0,
          0.13366956,
          0.9000161,
          -0.41485345,
          0,
          -0.27601913,
          0.43585655,
          0.85664606,
          0,
          -34.760254,
          13.318097,
          48.390194,
          1
        ]
      },
      {
        "date" : 756642248.330363,
        "title" : "Untitled",
        "transform" : [
          -0.34556356,
          9.1070405e-09,
          0.9383954,
          0,
          0.33517936,
          0.9340342,
          0.12342959,
          0,
          -0.87649345,
          0.35718352,
          -0.32276824,
          0,
          -38.875824,
          8.617645,
          -28.840364,
          1
        ]
      },
      {
        "date" : 756642237.908117,
        "title" : "Untitled",
        "transform" : [
          0.8498316,
          1.2148076e-08,
          0.52705437,
          0,
          0.10469619,
          0.9800717,
          -0.16881399,
          0,
          -0.5165511,
          0.19864403,
          0.83289593,
          0,
          -6.379777,
          1.7426038,
          9.784749,
          1
        ]
      },
      {
        "date" : 756642228.348677,
        "title" : "Untitled",
        "transform" : [
          0.8498316,
          1.2148076e-08,
          0.52705437,
          0,
          0.10469619,
          0.9800717,
          -0.16881399,
          0,
          -0.5165511,
          0.19864403,
          0.83289593,
          0,
          -195.5567,
          53.41533,
          299.92798,
          1
        ]
      },
      {
        "date" : 756642226.092272,
        "title" : "Untitled",
        "transform" : [
          0.84983164,
          1.7599058e-08,
          0.52705437,
          0,
          0.10469619,
          0.9800717,
          -0.168814,
          0,
          -0.5165511,
          0.19864403,
          0.8328959,
          0,
          -30.393705,
          5.033863,
          237.19214,
          1
        ]
      },
      {
        "date" : 756642200.160137,
        "title" : "Untitled",
        "transform" : [
          -0.6168043,
          1.6116745e-08,
          0.7871166,
          0,
          0.53433543,
          0.7342754,
          0.41871864,
          0,
          -0.5779603,
          0.67885166,
          -0.45290422,
          0,
          -35.67586,
          29.62166,
          -91.000046,
          1
        ]
      }
    ],
    "26DBAE76-5DD8-47B6-A085-1B4ADA111097" : [
      {
        "date" : 737199254.938937,
        "title" : "Untitled",
        "transform" : [
          0.9955315,
          -4.548741e-09,
          -0.09443051,
          0,
          -0.038964823,
          0.9108989,
          -0.4107857,
          0,
          0.086016715,
          0.41262954,
          0.90682846,
          0,
          0.5672262,
          1.9519703,
          1.631,
          1
        ]
      },
      {
        "date" : 737198793.54487,
        "title" : "Untitled",
        "transform" : [
          0.9955315,
          -4.548741e-09,
          -0.09443051,
          0,
          -0.038964823,
          0.9108989,
          -0.4107857,
          0,
          0.086016715,
          0.41262954,
          0.90682846,
          0,
          1.1001482,
          2.130436,
          1.4992437,
          1
        ]
      },
      {
        "date" : 737198789.77096,
        "title" : "Untitled",
        "transform" : [
          0.9955315,
          -4.548741e-09,
          -0.09443051,
          0,
          -0.038964823,
          0.9108989,
          -0.4107857,
          0,
          0.086016715,
          0.41262954,
          0.90682846,
          0,
          0.40142602,
          1.5287566,
          1.8392997,
          1
        ]
      },
      {
        "date" : 737198697.239593,
        "title" : "Untitled",
        "transform" : [
          0.9955315,
          -4.548741e-09,
          -0.09443051,
          0,
          -0.038964823,
          0.9108989,
          -0.4107857,
          0,
          0.086016715,
          0.41262954,
          0.90682846,
          0,
          0.19703317,
          0.8352976,
          2.1742282,
          1
        ]
      },
      {
        "date" : 737198694.0523,
        "title" : "Untitled",
        "transform" : [
          0.9662231,
          -4.2218873e-09,
          -0.25770718,
          0,
          -0.17239761,
          0.7432921,
          -0.6463714,
          0,
          0.19155174,
          0.66896707,
          0.7181859,
          0,
          0.5323415,
          1.6351149,
          2.2033844,
          1
        ]
      },
      {
        "date" : 737197420.970996,
        "title" : "Untitled",
        "transform" : [
          0.9662231,
          -4.2218873e-09,
          -0.25770718,
          0,
          -0.17239761,
          0.7432921,
          -0.6463714,
          0,
          0.19155174,
          0.66896707,
          0.7181859,
          0,
          0.6025634,
          2.171856,
          1.6846981,
          1
        ]
      },
      {
        "date" : 737197236.758342,
        "title" : "Untitled",
        "transform" : [
          0.9662231,
          -4.2218873e-09,
          -0.25770718,
          0,
          -0.17239761,
          0.7432921,
          -0.6463714,
          0,
          0.19155174,
          0.66896707,
          0.7181859,
          0,
          0.102215335,
          0.5479221,
          0.8513718,
          1
        ]
      },
      {
        "date" : 737197182.146191,
        "title" : "Untitled",
        "transform" : [
          0.860776,
          -4.231935e-09,
          -0.508984,
          0,
          -0.33911365,
          0.7457231,
          -0.5734972,
          0,
          0.37956125,
          0.666256,
          0.6419006,
          0,
          0.61605996,
          0.9837092,
          1.0350938,
          1
        ]
      },
      {
        "date" : 737197169.161898,
        "title" : "Untitled",
        "transform" : [
          0.6968318,
          -1.0938351e-08,
          -0.7172346,
          0,
          -0.38531035,
          0.8434443,
          -0.37434965,
          0,
          0.6049475,
          0.5372166,
          0.5877388,
          0,
          0.96885526,
          0.7764866,
          0.93649375,
          1
        ]
      },
      {
        "date" : 737197164.071945,
        "title" : "Untitled",
        "transform" : [
          0.9999939,
          0,
          0.0034942555,
          0,
          0.0024708114,
          0.7071068,
          -0.7071024,
          0,
          -0.002470812,
          0.70710677,
          0.7071026,
          0,
          0.37761047,
          1.1094786,
          1.0890572,
          1
        ]
      }
    ],
    "3BF575E3-1271-4EDD-8BCE-B73EF17A1712" : [
      {
        "date" : 759161816.678107,
        "title" : "Untitled",
        "transform" : [
          -0.032521386,
          2.2316833e-08,
          0.99947107,
          0,
          0.3018952,
          0.9532906,
          0.009823231,
          0,
          -0.9527863,
          0.30205497,
          -0.031002358,
          0,
          -2.2482781,
          1.3291254,
          -2.7217214,
          1
        ]
      },
      {
        "date" : 759161814.435291,
        "title" : "Untitled",
        "transform" : [
          -0.032521386,
          2.2316833e-08,
          0.99947107,
          0,
          0.3018952,
          0.9532906,
          0.009823231,
          0,
          -0.9527863,
          0.30205497,
          -0.031002358,
          0,
          -3.3429258,
          1.8925064,
          -4.6407986,
          1
        ]
      },
      {
        "date" : 759161750.864752,
        "title" : "Untitled",
        "transform" : [
          -0.032521386,
          2.2316833e-08,
          0.99947107,
          0,
          0.3018952,
          0.9532906,
          0.009823231,
          0,
          -0.9527863,
          0.30205497,
          -0.031002358,
          0,
          -3.2179458,
          1.3478067,
          -13.788783,
          1
        ]
      },
      {
        "date" : 759161744.435351,
        "title" : "Untitled",
        "transform" : [
          -0.032521386,
          2.2316833e-08,
          0.99947107,
          0,
          0.3018952,
          0.9532906,
          0.009823231,
          0,
          -0.9527863,
          0.30205497,
          -0.031002358,
          0,
          -3.1835947,
          1.5639611,
          -12.738492,
          1
        ]
      },
      {
        "date" : 759161735.527093,
        "title" : "Untitled",
        "transform" : [
          -0.032521386,
          2.2316833e-08,
          0.99947107,
          0,
          0.3018952,
          0.9532906,
          0.009823231,
          0,
          -0.9527863,
          0.30205497,
          -0.031002358,
          0,
          -3.1844285,
          1.9835042,
          -8.625276,
          1
        ]
      },
      {
        "date" : 759161730.553756,
        "title" : "Untitled",
        "transform" : [
          -0.032521386,
          2.2316833e-08,
          0.99947107,
          0,
          0.3018952,
          0.9532906,
          0.009823231,
          0,
          -0.9527863,
          0.30205497,
          -0.031002358,
          0,
          -3.4152908,
          1.8460752,
          -2.8692155,
          1
        ]
      },
      {
        "date" : 759161722.392841,
        "title" : "Untitled",
        "transform" : [
          -0.032521386,
          2.2316833e-08,
          0.99947107,
          0,
          0.3018952,
          0.9532906,
          0.009823231,
          0,
          -0.9527863,
          0.30205497,
          -0.031002358,
          0,
          -1.2405095,
          1.1103609,
          -3.8967352,
          1
        ]
      },
      {
        "date" : 759161715.790102,
        "title" : "Untitled",
        "transform" : [
          -0.032521386,
          2.2316833e-08,
          0.99947107,
          0,
          0.3018952,
          0.9532906,
          0.009823231,
          0,
          -0.9527863,
          0.30205497,
          -0.031002358,
          0,
          -1.9280388,
          1.4151078,
          -3.0608144,
          1
        ]
      },
      {
        "date" : 759161713.117721,
        "title" : "Untitled",
        "transform" : [
          -0.032521386,
          2.2316833e-08,
          0.99947107,
          0,
          0.3018952,
          0.9532906,
          0.009823231,
          0,
          -0.9527863,
          0.30205497,
          -0.031002358,
          0,
          -0.5930834,
          1.0584521,
          -3.0187073,
          1
        ]
      },
      {
        "date" : 759161659.634873,
        "title" : "Untitled",
        "transform" : [
          -0.032521356,
          5.659043e-09,
          0.99947107,
          0,
          0.3018952,
          0.9532905,
          0.009823219,
          0,
          -0.95278627,
          0.302055,
          -0.031002289,
          0,
          -11.479747,
          4.167952,
          1.0318336,
          1
        ]
      }
    ],
    "6080C1EC-73D7-45C0-95C0-16608741F506" : [
      {
        "date" : 737218091.302277,
        "title" : "Untitled",
        "transform" : [
          1,
          0,
          0,
          0,
          0,
          0.8660254,
          -0.5,
          0,
          0,
          0.5,
          0.8660254,
          0,
          0.08135698,
          1.3707597,
          0.36162543,
          1
        ]
      },
      {
        "date" : 737218066.227481,
        "title" : "Untitled",
        "transform" : [
          1,
          0,
          -0,
          0,
          -0,
          0.8660254,
          -0.5,
          0,
          0,
          0.5,
          0.8660254,
          0,
          0,
          0.2150388,
          0.37245816,
          1
        ]
      }
    ],
    "654A1BA5-90D3-4635-ADC4-8083566F93AB" : [
      {
        "date" : 756570526.854956,
        "title" : "Untitled",
        "transform" : [
          0.9999914,
          1.10108145e-10,
          -0.004141964,
          0,
          -0.0020688483,
          0.86632264,
          -0.49948052,
          0,
          0.0035882771,
          0.4994848,
          0.86631525,
          0,
          0.015618424,
          2.1824405,
          3.7794387,
          1
        ]
      },
      {
        "date" : 756570520.882196,
        "title" : "Untitled",
        "transform" : [
          0.9999915,
          -7.507672e-11,
          -0.004141965,
          0,
          -0.0012015497,
          0.9569988,
          -0.29008922,
          0,
          0.0039638556,
          0.29009172,
          0.95699066,
          0,
          -2.6280098,
          3.1199555,
          -42.16433,
          1
        ]
      },
      {
        "date" : 756506499.123153,
        "title" : "Untitled",
        "transform" : [
          0.9999915,
          -7.507672e-11,
          -0.004141965,
          0,
          -0.0012015497,
          0.9569988,
          -0.29008922,
          0,
          0.0039638556,
          0.29009172,
          0.95699066,
          0,
          0.030080924,
          1.1995256,
          -43.02432,
          1
        ]
      },
      {
        "date" : 756506495.846241,
        "title" : "Untitled",
        "transform" : [
          0.9999914,
          -1.5531132e-10,
          -0.004141965,
          0,
          -0.0012015494,
          0.9569989,
          -0.29008922,
          0,
          0.003963854,
          0.29009166,
          0.9569907,
          0,
          2.5600243,
          8.181388,
          -64.15313,
          1
        ]
      },
      {
        "date" : 754768381.725735,
        "title" : "Untitled",
        "transform" : [
          0.99982834,
          -1.5531132e-10,
          -0.018529955,
          0,
          -0.0053753858,
          0.9569989,
          -0.2900419,
          0,
          0.017733146,
          0.29009166,
          0.9568346,
          0,
          0.13481934,
          5.2618685,
          -31.75748,
          1
        ]
      },
      {
        "date" : 754768377.29973,
        "title" : "Untitled",
        "transform" : [
          0.9999931,
          0,
          0.003723136,
          0,
          0.001861568,
          0.8660254,
          -0.49999654,
          0,
          -0.0032243303,
          0.5,
          0.8660194,
          0,
          -0.2453111,
          9.069221,
          -33.40473,
          1
        ]
      },
      {
        "date" : 753216503.12539,
        "title" : "Untitled",
        "transform" : [
          0.9999931,
          0,
          0.003723136,
          0,
          0.001861568,
          0.8660254,
          -0.49999654,
          0,
          -0.0032243303,
          0.5,
          0.8660194,
          0,
          -0.1995359,
          1.9707441,
          -45.69953,
          1
        ]
      },
      {
        "date" : 737579160.537149,
        "title" : "Untitled",
        "transform" : [
          0.9999931,
          0,
          0.003723136,
          0,
          0.001861568,
          0.8660254,
          -0.49999654,
          0,
          -0.0032243303,
          0.5,
          0.8660194,
          0,
          -0.041024372,
          1.8740962,
          0.88046646,
          1
        ]
      },
      {
        "date" : 737475772.590759,
        "title" : "Untitled",
        "transform" : [
          0.9999931,
          0,
          0.003723136,
          0,
          0.001861568,
          0.8660254,
          -0.49999654,
          0,
          -0.0032243303,
          0.5,
          0.8660194,
          0,
          -0.0054803323,
          0.8498404,
          1.4719567,
          1
        ]
      },
      {
        "date" : 737475556.359598,
        "title" : "Untitled",
        "transform" : [
          1,
          0,
          -0,
          0,
          -0,
          0.8660254,
          -0.5,
          0,
          0,
          0.5,
          0.8660254,
          0,
          0,
          0.2150388,
          0.37245816,
          1
        ]
      }
    ],
    "D4588DAC-986B-442B-97D8-3E8ADFC2BC2A" : [
      {
        "date" : 761338948.195984,
        "title" : "Untitled",
        "transform" : [
          0.50610274,
          -3.677629e-08,
          0.86247313,
          0,
          0.3262022,
          0.9257169,
          -0.19141676,
          0,
          -0.7984059,
          0.37821722,
          0.46850792,
          0,
          -6.680757,
          6.061272,
          -14.297218,
          1
        ]
      },
      {
        "date" : 761338946.307725,
        "title" : "Untitled",
        "transform" : [
          0.50610274,
          -3.677629e-08,
          0.86247313,
          0,
          0.3262022,
          0.9257169,
          -0.19141676,
          0,
          -0.7984059,
          0.37821722,
          0.46850792,
          0,
          -4.7516356,
          5.1474175,
          -15.429251,
          1
        ]
      },
      {
        "date" : 759256442.931151,
        "title" : "Untitled",
        "transform" : [
          0.50610274,
          -3.677629e-08,
          0.86247313,
          0,
          0.3262022,
          0.9257169,
          -0.19141676,
          0,
          -0.7984059,
          0.37821722,
          0.46850792,
          0,
          -0.56173444,
          1.0932353,
          -2.682901,
          1
        ]
      },
      {
        "date" : 759256440.833971,
        "title" : "Untitled",
        "transform" : [
          0.5061027,
          -2.6807959e-08,
          0.8624732,
          0,
          0.3262022,
          0.9257169,
          -0.19141674,
          0,
          -0.79840595,
          0.37821722,
          0.4685079,
          0,
          -0.00276798,
          0.90086687,
          0.0014944077,
          1
        ]
      },
      {
        "date" : 759255695.865501,
        "title" : "Untitled",
        "transform" : [
          0.50610274,
          -1.7975687e-08,
          0.86247325,
          0,
          0.32620227,
          0.92571694,
          -0.19141671,
          0,
          -0.7984059,
          0.3782172,
          0.46850777,
          0,
          -0.8911241,
          1.2218957,
          -11.476664,
          1
        ]
      },
      {
        "date" : 759255693.93649,
        "title" : "Untitled",
        "transform" : [
          0.9609296,
          -1.8863833e-08,
          0.27679324,
          0,
          0.1255768,
          0.8911625,
          -0.4359587,
          0,
          -0.24666771,
          0.45368436,
          0.8563442,
          0,
          -0.2773242,
          1.3064897,
          -11.035916,
          1
        ]
      },
      {
        "date" : 759254557.368219,
        "title" : "Untitled",
        "transform" : [
          0.9609296,
          -1.14132535e-08,
          0.27679324,
          0,
          0.12557678,
          0.8911625,
          -0.4359587,
          0,
          -0.24666771,
          0.45368436,
          0.8563442,
          0,
          -1.5480835,
          3.0055048,
          1.9049658,
          1
        ]
      },
      {
        "date" : 759077418.84915,
        "title" : "Untitled",
        "transform" : [
          0.9609296,
          -1.14132535e-08,
          0.27679324,
          0,
          0.12557678,
          0.8911625,
          -0.4359587,
          0,
          -0.24666771,
          0.45368436,
          0.8563442,
          0,
          -5.218596,
          7.997666,
          13.534661,
          1
        ]
      },
      {
        "date" : 759077405.396066,
        "title" : "Untitled",
        "transform" : [
          0.9609296,
          -1.14132535e-08,
          0.27679324,
          0,
          0.12557678,
          0.8911625,
          -0.4359587,
          0,
          -0.24666771,
          0.45368436,
          0.8563442,
          0,
          -1.9195176,
          1.9310589,
          2.084477,
          1
        ]
      },
      {
        "date" : 759076145.362747,
        "title" : "Untitled",
        "transform" : [
          0.9609296,
          -1.14132535e-08,
          0.27679324,
          0,
          0.12557678,
          0.8911625,
          -0.4359587,
          0,
          -0.24666771,
          0.45368436,
          0.8563442,
          0,
          -0.7710427,
          2.109353,
          0.1254406,
          1
        ]
      }
    ],
    "EB08777C-F2E4-4731-965E-D19D29053AA3" : [
      {
        "date" : 761390592.217513,
        "title" : "Untitled",
        "transform" : [
          0.99008864,
          -1.2743996e-07,
          -0.1404445,
          0,
          -0.05450678,
          0.9216162,
          -0.3842561,
          0,
          0.129436,
          0.38810274,
          0.9124816,
          0,
          0.076785795,
          0.1332573,
          0.38449937,
          1
        ]
      },
      {
        "date" : 761390583.364303,
        "title" : "Untitled",
        "transform" : [
          0.20295875,
          -1.2402114e-07,
          -0.97918737,
          0,
          -0.8736707,
          0.45156032,
          -0.18108809,
          0,
          0.44216216,
          0.89224064,
          0.09164797,
          0,
          0.14484511,
          0.3348555,
          0.014891032,
          1
        ]
      },
      {
        "date" : 761390581.085966,
        "title" : "Untitled",
        "transform" : [
          0.20295875,
          -1.2402114e-07,
          -0.97918737,
          0,
          -0.8736707,
          0.45156032,
          -0.18108809,
          0,
          0.44216216,
          0.89224064,
          0.09164797,
          0,
          0.118997574,
          0.2751007,
          0.012233734,
          1
        ]
      },
      {
        "date" : 761390548.701885,
        "title" : "Untitled",
        "transform" : [
          0.20295875,
          -1.2402114e-07,
          -0.97918737,
          0,
          -0.8736707,
          0.45156032,
          -0.18108809,
          0,
          0.44216216,
          0.89224064,
          0.09164797,
          0,
          19.542606,
          36.577847,
          -39.451904,
          1
        ]
      },
      {
        "date" : 761390544.218155,
        "title" : "Untitled",
        "transform" : [
          0.20295875,
          -1.2402114e-07,
          -0.97918737,
          0,
          -0.8736707,
          0.45156032,
          -0.18108809,
          0,
          0.44216216,
          0.89224064,
          0.09164797,
          0,
          9.843378,
          20.952885,
          0.09484553,
          1
        ]
      },
      {
        "date" : 761390016.877325,
        "title" : "Untitled",
        "transform" : [
          0.20295875,
          -1.2402114e-07,
          -0.97918737,
          0,
          -0.8736707,
          0.45156032,
          -0.18108809,
          0,
          0.44216216,
          0.89224064,
          0.09164797,
          0,
          3.708062,
          8.572464,
          -1.1768361,
          1
        ]
      },
      {
        "date" : 761390009.011703,
        "title" : "Untitled",
        "transform" : [
          0.20295873,
          -9.421882e-08,
          -0.97918737,
          0,
          -0.87367064,
          0.45156026,
          -0.18108803,
          0,
          0.44216213,
          0.8922407,
          0.09164803,
          0,
          2.994782,
          6.923472,
          -49.69211,
          1
        ]
      },
      {
        "date" : 761390004.319493,
        "title" : "Untitled",
        "transform" : [
          0.20295873,
          -9.421882e-08,
          -0.97918737,
          0,
          -0.87367064,
          0.45156026,
          -0.18108803,
          0,
          0.44216213,
          0.8922407,
          0.09164803,
          0,
          118.995865,
          275.09998,
          -37.765945,
          1
        ]
      },
      {
        "date" : 761389692.30688,
        "title" : "Untitled",
        "transform" : [
          0.20295879,
          -6.000441e-09,
          -0.9791873,
          0,
          -0.87367064,
          0.45156026,
          -0.18108808,
          0,
          0.4421621,
          0.8922405,
          0.091648124,
          0,
          5.861803,
          13.387464,
          0.9388186,
          1
        ]
      },
      {
        "date" : 761389683.456997,
        "title" : "Untitled",
        "transform" : [
          -0.99889106,
          -3.2351615e-09,
          -0.047081586,
          0,
          -0.009461245,
          0.9796006,
          0.20073137,
          0,
          0.046121147,
          0.20095421,
          -0.97851425,
          0,
          60.262516,
          248.06253,
          -299.77438,
          1
        ]
      }
    ]
  },
  "selectedSceneRelativePath" : "TravelToMarsShort.usda"
}