{
  "advancedEditorSelectedIdentifier" : "ProjectBrowser",
  "openSceneRelativePaths" : [
    "TravelToMarsShort.usda",
    "MovingPlanets.usda",
    "TravelToMarsLong.usda",
    "Planets.usda",
    "SpaceMusic.usda",
    "MuseumMusic.usda"
  ],
  "recentIdentifiers" : {
    "0196B789-84DD-4FED-9E18-A59CFDAEADA7" : [

    ],
    "26DBAE76-5DD8-47B6-A085-1B4ADA111097" : [

    ],
    "3BF575E3-1271-4EDD-8BCE-B73EF17A1712" : [

    ],
    "6080C1EC-73D7-45C0-95C0-16608741F506" : [

    ],
    "654A1BA5-90D3-4635-ADC4-8083566F93AB" : [

    ],
    "A4A19A77-24B7-40B5-9FF3-7780295F5142" : [

    ],
    "AE7F112C-4234-4947-92D2-8D9D9D34D7A6" : [

    ],
    "D4588DAC-986B-442B-97D8-3E8ADFC2BC2A" : [

    ],
    "D6D59B04-12EB-413B-A01C-5BE561BDF8AF" : [

    ],
    "EB08777C-F2E4-4731-965E-D19D29053AA3" : [

    ]
  },
  "sceneCameraHistory" : {
    "0196B789-84DD-4FED-9E18-A59CFDAEADA7" : [
      {
        "date" : 762702431.835276,
        "title" : "Untitled",
        "transform" : [
          0.99726677,
          -7.699715e-09,
          0.07388543,
          0,
          0.031004587,
          0.90769595,
          -0.41848165,
          0,
          -0.06706557,
          0.41962865,
          0.90521485,
          0,
          0.024274759,
          0.296793,
          0.54006016,
          1
        ]
      },
      {
        "date" : 762702394.818491,
        "title" : "Untitled",
        "transform" : [
          0.99726677,
          -7.699715e-09,
          0.07388543,
          0,
          0.031004587,
          0.90769595,
          -0.41848165,
          0,
          -0.067065574,
          0.4196287,
          0.90521497,
          0,
          0.016465593,
          0.20131499,
          0.36632335,
          1
        ]
      },
      {
        "date" : 762702319.88998,
        "title" : "Untitled",
        "transform" : [
          -0.87533146,
          -4.353824e-10,
          0.48352346,
          0,
          0.21810007,
          0.8924915,
          0.3948308,
          0,
          -0.4315405,
          0.45106423,
          -0.7812258,
          0,
          -0.2106128,
          0.21390471,
          -0.29133946,
          1
        ]
      },
      {
        "date" : 762702282.545344,
        "title" : "Untitled",
        "transform" : [
          -0.87533146,
          -4.353824e-10,
          0.48352346,
          0,
          0.21810007,
          0.8924915,
          0.3948308,
          0,
          -0.43154055,
          0.4510643,
          -0.7812259,
          0,
          -0.40396267,
          0.41027662,
          -0.55879915,
          1
        ]
      },
      {
        "date" : 762702266.148566,
        "title" : "Untitled",
        "transform" : [
          -0.05891708,
          2.7234184e-09,
          0.99826306,
          0,
          0.70605177,
          0.70693314,
          0.041670945,
          0,
          -0.7057052,
          0.70728046,
          -0.041650467,
          0,
          -0.5260594,
          0.603551,
          0.052506074,
          1
        ]
      },
      {
        "date" : 762702263.911014,
        "title" : "Untitled",
        "transform" : [
          -0.32976383,
          5.0635063e-10,
          0.94406354,
          0,
          0.11043798,
          0.9931341,
          0.03857633,
          0,
          -0.93758166,
          0.11698156,
          -0.32749975,
          0,
          -0.7518719,
          0.06564099,
          -0.2543991,
          1
        ]
      },
      {
        "date" : 761344917.916386,
        "title" : "Untitled",
        "transform" : [
          -0.06585141,
          2.556534e-08,
          0.9978295,
          0,
          0.63833964,
          0.7686013,
          0.042126976,
          0,
          -0.766933,
          0.6397282,
          -0.05061348,
          0,
          -2.2659187,
          1.2582779,
          -99.1285,
          1
        ]
      },
      {
        "date" : 756645645.875599,
        "title" : "Untitled",
        "transform" : [
          -0.065851316,
          9.1426315e-09,
          0.99782944,
          0,
          0.6383396,
          0.76860124,
          0.042126916,
          0,
          -0.76693314,
          0.63972807,
          -0.050613362,
          0,
          -57.163292,
          36.23534,
          -48.528507,
          1
        ]
      },
      {
        "date" : 756642354.614282,
        "title" : "Untitled",
        "transform" : [
          -0.026665496,
          9.1426315e-09,
          0.9996444,
          0,
          0.6395006,
          0.76860124,
          0.017058646,
          0,
          -0.7683281,
          0.63972807,
          -0.020495087,
          0,
          -111.331856,
          64.6913,
          -4.85981,
          1
        ]
      },
      {
        "date" : 756642264.122808,
        "title" : "Untitled",
        "transform" : [
          -0.026665496,
          9.1426315e-09,
          0.9996444,
          0,
          0.6395007,
          0.76860136,
          0.017058648,
          0,
          -0.7683281,
          0.63972807,
          -0.020495087,
          0,
          -125.87173,
          44.91533,
          -77.06559,
          1
        ]
      }
    ],
    "26DBAE76-5DD8-47B6-A085-1B4ADA111097" : [
      {
        "date" : 737199254.938937,
        "title" : "Untitled",
        "transform" : [
          0.9955315,
          -4.548741e-09,
          -0.09443051,
          0,
          -0.038964823,
          0.9108989,
          -0.4107857,
          0,
          0.086016715,
          0.41262954,
          0.90682846,
          0,
          0.5672262,
          1.9519703,
          1.631,
          1
        ]
      },
      {
        "date" : 737198793.54487,
        "title" : "Untitled",
        "transform" : [
          0.9955315,
          -4.548741e-09,
          -0.09443051,
          0,
          -0.038964823,
          0.9108989,
          -0.4107857,
          0,
          0.086016715,
          0.41262954,
          0.90682846,
          0,
          1.1001482,
          2.130436,
          1.4992437,
          1
        ]
      },
      {
        "date" : 737198789.77096,
        "title" : "Untitled",
        "transform" : [
          0.9955315,
          -4.548741e-09,
          -0.09443051,
          0,
          -0.038964823,
          0.9108989,
          -0.4107857,
          0,
          0.086016715,
          0.41262954,
          0.90682846,
          0,
          0.40142602,
          1.5287566,
          1.8392997,
          1
        ]
      },
      {
        "date" : 737198697.239593,
        "title" : "Untitled",
        "transform" : [
          0.9955315,
          -4.548741e-09,
          -0.09443051,
          0,
          -0.038964823,
          0.9108989,
          -0.4107857,
          0,
          0.086016715,
          0.41262954,
          0.90682846,
          0,
          0.19703317,
          0.8352976,
          2.1742282,
          1
        ]
      },
      {
        "date" : 737198694.0523,
        "title" : "Untitled",
        "transform" : [
          0.9662231,
          -4.2218873e-09,
          -0.25770718,
          0,
          -0.17239761,
          0.7432921,
          -0.6463714,
          0,
          0.19155174,
          0.66896707,
          0.7181859,
          0,
          0.5323415,
          1.6351149,
          2.2033844,
          1
        ]
      },
      {
        "date" : 737197420.970996,
        "title" : "Untitled",
        "transform" : [
          0.9662231,
          -4.2218873e-09,
          -0.25770718,
          0,
          -0.17239761,
          0.7432921,
          -0.6463714,
          0,
          0.19155174,
          0.66896707,
          0.7181859,
          0,
          0.6025634,
          2.171856,
          1.6846981,
          1
        ]
      },
      {
        "date" : 737197236.758342,
        "title" : "Untitled",
        "transform" : [
          0.9662231,
          -4.2218873e-09,
          -0.25770718,
          0,
          -0.17239761,
          0.7432921,
          -0.6463714,
          0,
          0.19155174,
          0.66896707,
          0.7181859,
          0,
          0.102215335,
          0.5479221,
          0.8513718,
          1
        ]
      },
      {
        "date" : 737197182.146191,
        "title" : "Untitled",
        "transform" : [
          0.860776,
          -4.231935e-09,
          -0.508984,
          0,
          -0.33911365,
          0.7457231,
          -0.5734972,
          0,
          0.37956125,
          0.666256,
          0.6419006,
          0,
          0.61605996,
          0.9837092,
          1.0350938,
          1
        ]
      },
      {
        "date" : 737197169.161898,
        "title" : "Untitled",
        "transform" : [
          0.6968318,
          -1.0938351e-08,
          -0.7172346,
          0,
          -0.38531035,
          0.8434443,
          -0.37434965,
          0,
          0.6049475,
          0.5372166,
          0.5877388,
          0,
          0.96885526,
          0.7764866,
          0.93649375,
          1
        ]
      },
      {
        "date" : 737197164.071945,
        "title" : "Untitled",
        "transform" : [
          0.9999939,
          0,
          0.0034942555,
          0,
          0.0024708114,
          0.7071068,
          -0.7071024,
          0,
          -0.002470812,
          0.70710677,
          0.7071026,
          0,
          0.37761047,
          1.1094786,
          1.0890572,
          1
        ]
      }
    ],
    "3BF575E3-1271-4EDD-8BCE-B73EF17A1712" : [
      {
        "date" : 762710447.774438,
        "title" : "Untitled",
        "transform" : [
          -0.8756638,
          -8.8564484e-08,
          -0.4829213,
          0,
          -0.40686837,
          0.53867304,
          0.7377597,
          0,
          0.26013657,
          0.8425149,
          -0.47169644,
          0,
          2.9616437,
          9.578453,
          -7.8021965,
          1
        ]
      },
      {
        "date" : 762710446.758558,
        "title" : "Untitled",
        "transform" : [
          -0.8756638,
          -8.8564484e-08,
          -0.4829213,
          0,
          -0.40686837,
          0.53867304,
          0.7377597,
          0,
          0.26013657,
          0.8425149,
          -0.47169644,
          0,
          2.9346619,
          9.547506,
          -7.8723526,
          1
        ]
      },
      {
        "date" : 762708857.634401,
        "title" : "Untitled",
        "transform" : [
          -0.8756638,
          -8.8564484e-08,
          -0.4829213,
          0,
          -0.40686837,
          0.53867304,
          0.7377597,
          0,
          0.26013657,
          0.8425149,
          -0.47169644,
          0,
          0.40428308,
          3.660965,
          -3.5352097,
          1
        ]
      },
      {
        "date" : 761479372.734369,
        "title" : "Untitled",
        "transform" : [
          -0.8756638,
          -8.8564484e-08,
          -0.4829213,
          0,
          -0.40686837,
          0.53867304,
          0.7377597,
          0,
          0.26013657,
          0.8425149,
          -0.47169644,
          0,
          0.33201134,
          3.8040137,
          -3.3195624,
          1
        ]
      },
      {
        "date" : 761479366.444895,
        "title" : "Untitled",
        "transform" : [
          -0.8756638,
          -8.8564484e-08,
          -0.4829213,
          0,
          -0.40686837,
          0.53867304,
          0.7377597,
          0,
          0.26013657,
          0.8425149,
          -0.47169644,
          0,
          0.8377476,
          3.6371732,
          -3.3386536,
          1
        ]
      },
      {
        "date" : 761479358.664475,
        "title" : "Untitled",
        "transform" : [
          -0.9402743,
          -8.348467e-08,
          -0.3404175,
          0,
          -0.22552674,
          0.7490616,
          0.622932,
          0,
          0.25499362,
          0.6625003,
          -0.7043234,
          0,
          0.86821586,
          2.8343596,
          -4.493891,
          1
        ]
      },
      {
        "date" : 761479356.007802,
        "title" : "Untitled",
        "transform" : [
          -0.6548439,
          -8.420376e-08,
          -0.75576407,
          0,
          -0.4513794,
          0.80205584,
          0.39110488,
          0,
          0.606165,
          0.59724903,
          -0.5252215,
          0,
          1.6047791,
          2.6847308,
          -3.9831977,
          1
        ]
      },
      {
        "date" : 761479347.183222,
        "title" : "Untitled",
        "transform" : [
          0.9822477,
          -8.550524e-08,
          -0.18758854,
          0,
          -0.15875535,
          0.53271335,
          -0.83127207,
          0,
          0.09993104,
          0.8462957,
          0.5232565,
          0,
          -0.51300067,
          2.6821427,
          -0.9013524,
          1
        ]
      },
      {
        "date" : 761479341.276693,
        "title" : "Untitled",
        "transform" : [
          -0.032521416,
          -2.8525587e-08,
          0.99947107,
          0,
          0.49909467,
          0.86639535,
          0.016239882,
          0,
          -0.865937,
          0.4993588,
          -0.028176429,
          0,
          -725.3147,
          418.98322,
          -23.61409,
          1
        ]
      },
      {
        "date" : 761479336.196315,
        "title" : "Untitled",
        "transform" : [
          -0.032521386,
          2.2316833e-08,
          0.99947107,
          0,
          0.3018952,
          0.9532906,
          0.009823231,
          0,
          -0.9527863,
          0.30205497,
          -0.031002358,
          0,
          -3.740298,
          2.449809,
          -1.9073265,
          1
        ]
      }
    ],
    "6080C1EC-73D7-45C0-95C0-16608741F506" : [
      {
        "date" : 737218091.302277,
        "title" : "Untitled",
        "transform" : [
          1,
          0,
          0,
          0,
          0,
          0.8660254,
          -0.5,
          0,
          0,
          0.5,
          0.8660254,
          0,
          0.08135698,
          1.3707597,
          0.36162543,
          1
        ]
      },
      {
        "date" : 737218066.227481,
        "title" : "Untitled",
        "transform" : [
          1,
          0,
          -0,
          0,
          -0,
          0.8660254,
          -0.5,
          0,
          0,
          0.5,
          0.8660254,
          0,
          0,
          0.2150388,
          0.37245816,
          1
        ]
      }
    ],
    "654A1BA5-90D3-4635-ADC4-8083566F93AB" : [
      {
        "date" : 756570526.854956,
        "title" : "Untitled",
        "transform" : [
          0.9999914,
          1.10108145e-10,
          -0.004141964,
          0,
          -0.0020688483,
          0.86632264,
          -0.49948052,
          0,
          0.0035882771,
          0.4994848,
          0.86631525,
          0,
          0.015618424,
          2.1824405,
          3.7794387,
          1
        ]
      },
      {
        "date" : 756570520.882196,
        "title" : "Untitled",
        "transform" : [
          0.9999915,
          -7.507672e-11,
          -0.004141965,
          0,
          -0.0012015497,
          0.9569988,
          -0.29008922,
          0,
          0.0039638556,
          0.29009172,
          0.95699066,
          0,
          -2.6280098,
          3.1199555,
          -42.16433,
          1
        ]
      },
      {
        "date" : 756506499.123153,
        "title" : "Untitled",
        "transform" : [
          0.9999915,
          -7.507672e-11,
          -0.004141965,
          0,
          -0.0012015497,
          0.9569988,
          -0.29008922,
          0,
          0.0039638556,
          0.29009172,
          0.95699066,
          0,
          0.030080924,
          1.1995256,
          -43.02432,
          1
        ]
      },
      {
        "date" : 756506495.846241,
        "title" : "Untitled",
        "transform" : [
          0.9999914,
          -1.5531132e-10,
          -0.004141965,
          0,
          -0.0012015494,
          0.9569989,
          -0.29008922,
          0,
          0.003963854,
          0.29009166,
          0.9569907,
          0,
          2.5600243,
          8.181388,
          -64.15313,
          1
        ]
      },
      {
        "date" : 754768381.725735,
        "title" : "Untitled",
        "transform" : [
          0.99982834,
          -1.5531132e-10,
          -0.018529955,
          0,
          -0.0053753858,
          0.9569989,
          -0.2900419,
          0,
          0.017733146,
          0.29009166,
          0.9568346,
          0,
          0.13481934,
          5.2618685,
          -31.75748,
          1
        ]
      },
      {
        "date" : 754768377.29973,
        "title" : "Untitled",
        "transform" : [
          0.9999931,
          0,
          0.003723136,
          0,
          0.001861568,
          0.8660254,
          -0.49999654,
          0,
          -0.0032243303,
          0.5,
          0.8660194,
          0,
          -0.2453111,
          9.069221,
          -33.40473,
          1
        ]
      },
      {
        "date" : 753216503.12539,
        "title" : "Untitled",
        "transform" : [
          0.9999931,
          0,
          0.003723136,
          0,
          0.001861568,
          0.8660254,
          -0.49999654,
          0,
          -0.0032243303,
          0.5,
          0.8660194,
          0,
          -0.1995359,
          1.9707441,
          -45.69953,
          1
        ]
      },
      {
        "date" : 737579160.537149,
        "title" : "Untitled",
        "transform" : [
          0.9999931,
          0,
          0.003723136,
          0,
          0.001861568,
          0.8660254,
          -0.49999654,
          0,
          -0.0032243303,
          0.5,
          0.8660194,
          0,
          -0.041024372,
          1.8740962,
          0.88046646,
          1
        ]
      },
      {
        "date" : 737475772.590759,
        "title" : "Untitled",
        "transform" : [
          0.9999931,
          0,
          0.003723136,
          0,
          0.001861568,
          0.8660254,
          -0.49999654,
          0,
          -0.0032243303,
          0.5,
          0.8660194,
          0,
          -0.0054803323,
          0.8498404,
          1.4719567,
          1
        ]
      },
      {
        "date" : 737475556.359598,
        "title" : "Untitled",
        "transform" : [
          1,
          0,
          -0,
          0,
          -0,
          0.8660254,
          -0.5,
          0,
          0,
          0.5,
          0.8660254,
          0,
          0,
          0.2150388,
          0.37245816,
          1
        ]
      }
    ],
    "D4588DAC-986B-442B-97D8-3E8ADFC2BC2A" : [
      {
        "date" : 761338948.195984,
        "title" : "Untitled",
        "transform" : [
          0.50610274,
          -3.677629e-08,
          0.86247313,
          0,
          0.3262022,
          0.9257169,
          -0.19141676,
          0,
          -0.7984059,
          0.37821722,
          0.46850792,
          0,
          -6.680757,
          6.061272,
          -14.297218,
          1
        ]
      },
      {
        "date" : 761338946.307725,
        "title" : "Untitled",
        "transform" : [
          0.50610274,
          -3.677629e-08,
          0.86247313,
          0,
          0.3262022,
          0.9257169,
          -0.19141676,
          0,
          -0.7984059,
          0.37821722,
          0.46850792,
          0,
          -4.7516356,
          5.1474175,
          -15.429251,
          1
        ]
      },
      {
        "date" : 759256442.931151,
        "title" : "Untitled",
        "transform" : [
          0.50610274,
          -3.677629e-08,
          0.86247313,
          0,
          0.3262022,
          0.9257169,
          -0.19141676,
          0,
          -0.7984059,
          0.37821722,
          0.46850792,
          0,
          -0.56173444,
          1.0932353,
          -2.682901,
          1
        ]
      },
      {
        "date" : 759256440.833971,
        "title" : "Untitled",
        "transform" : [
          0.5061027,
          -2.6807959e-08,
          0.8624732,
          0,
          0.3262022,
          0.9257169,
          -0.19141674,
          0,
          -0.79840595,
          0.37821722,
          0.4685079,
          0,
          -0.00276798,
          0.90086687,
          0.0014944077,
          1
        ]
      },
      {
        "date" : 759255695.865501,
        "title" : "Untitled",
        "transform" : [
          0.50610274,
          -1.7975687e-08,
          0.86247325,
          0,
          0.32620227,
          0.92571694,
          -0.19141671,
          0,
          -0.7984059,
          0.3782172,
          0.46850777,
          0,
          -0.8911241,
          1.2218957,
          -11.476664,
          1
        ]
      },
      {
        "date" : 759255693.93649,
        "title" : "Untitled",
        "transform" : [
          0.9609296,
          -1.8863833e-08,
          0.27679324,
          0,
          0.1255768,
          0.8911625,
          -0.4359587,
          0,
          -0.24666771,
          0.45368436,
          0.8563442,
          0,
          -0.2773242,
          1.3064897,
          -11.035916,
          1
        ]
      },
      {
        "date" : 759254557.368219,
        "title" : "Untitled",
        "transform" : [
          0.9609296,
          -1.14132535e-08,
          0.27679324,
          0,
          0.12557678,
          0.8911625,
          -0.4359587,
          0,
          -0.24666771,
          0.45368436,
          0.8563442,
          0,
          -1.5480835,
          3.0055048,
          1.9049658,
          1
        ]
      },
      {
        "date" : 759077418.84915,
        "title" : "Untitled",
        "transform" : [
          0.9609296,
          -1.14132535e-08,
          0.27679324,
          0,
          0.12557678,
          0.8911625,
          -0.4359587,
          0,
          -0.24666771,
          0.45368436,
          0.8563442,
          0,
          -5.218596,
          7.997666,
          13.534661,
          1
        ]
      },
      {
        "date" : 759077405.396066,
        "title" : "Untitled",
        "transform" : [
          0.9609296,
          -1.14132535e-08,
          0.27679324,
          0,
          0.12557678,
          0.8911625,
          -0.4359587,
          0,
          -0.24666771,
          0.45368436,
          0.8563442,
          0,
          -1.9195176,
          1.9310589,
          2.084477,
          1
        ]
      },
      {
        "date" : 759076145.362747,
        "title" : "Untitled",
        "transform" : [
          0.9609296,
          -1.14132535e-08,
          0.27679324,
          0,
          0.12557678,
          0.8911625,
          -0.4359587,
          0,
          -0.24666771,
          0.45368436,
          0.8563442,
          0,
          -0.7710427,
          2.109353,
          0.1254406,
          1
        ]
      }
    ],
    "EB08777C-F2E4-4731-965E-D19D29053AA3" : [
      {
        "date" : 762702521.362541,
        "title" : "Untitled",
        "transform" : [
          0.8062874,
          -1.2995234e-07,
          0.59152395,
          0,
          0.23029065,
          0.92110366,
          -0.31390163,
          0,
          -0.5448548,
          0.3893174,
          0.74267435,
          0,
          -0.23055735,
          0.37931865,
          0.6032764,
          1
        ]
      },
      {
        "date" : 762702164.408692,
        "title" : "Untitled",
        "transform" : [
          0.8062874,
          -1.2995234e-07,
          0.59152395,
          0,
          0.23029065,
          0.92110366,
          -0.31390163,
          0,
          -0.5448548,
          0.3893174,
          0.74267435,
          0,
          -0.3880634,
          0.49186206,
          0.81796795,
          1
        ]
      },
      {
        "date" : 762702159.651247,
        "title" : "Untitled",
        "transform" : [
          0.8062874,
          -1.2995234e-07,
          0.59152395,
          0,
          0.23029065,
          0.92110366,
          -0.31390163,
          0,
          -0.5448548,
          0.3893174,
          0.74267435,
          0,
          -0.3848386,
          0.5047596,
          0.81357276,
          1
        ]
      },
      {
        "date" : 762702157.263282,
        "title" : "Untitled",
        "transform" : [
          0.8062874,
          -1.2995234e-07,
          0.59152395,
          0,
          0.23029065,
          0.92110366,
          -0.31390163,
          0,
          -0.5448548,
          0.3893174,
          0.74267435,
          0,
          -0.25728813,
          0.33746263,
          0.5439231,
          1
        ]
      },
      {
        "date" : 761481079.655513,
        "title" : "Untitled",
        "transform" : [
          0.8062874,
          -1.2995234e-07,
          0.59152395,
          0,
          0.23029065,
          0.92110366,
          -0.31390163,
          0,
          -0.5448548,
          0.3893174,
          0.74267435,
          0,
          -0.19756795,
          0.25913283,
          0.41767094,
          1
        ]
      },
      {
        "date" : 761481064.785568,
        "title" : "Untitled",
        "transform" : [
          0.8062874,
          -1.2995234e-07,
          0.59152395,
          0,
          0.23029065,
          0.92110366,
          -0.31390163,
          0,
          -0.5448548,
          0.3893174,
          0.74267435,
          0,
          -0.04936358,
          0.06474595,
          0.104357675,
          1
        ]
      },
      {
        "date" : 761481060.893124,
        "title" : "Untitled",
        "transform" : [
          0.99412453,
          -1.2999232e-07,
          -0.108242415,
          0,
          -0.04200906,
          0.92161614,
          -0.38582245,
          0,
          0.099758014,
          0.3881027,
          0.91620123,
          0,
          0.03407763,
          0.06459647,
          0.11038721,
          1
        ]
      },
      {
        "date" : 761481045.64866,
        "title" : "Untitled",
        "transform" : [
          0.9900886,
          -1.2999232e-07,
          -0.1404445,
          0,
          -0.054506775,
          0.92161614,
          -0.38425606,
          0,
          0.12943597,
          0.3881027,
          0.9124816,
          0,
          35.96145,
          89.05236,
          221.82063,
          1
        ]
      },
      {
        "date" : 761390592.217513,
        "title" : "Untitled",
        "transform" : [
          0.99008864,
          -1.2743996e-07,
          -0.1404445,
          0,
          -0.05450678,
          0.9216162,
          -0.3842561,
          0,
          0.129436,
          0.38810274,
          0.9124816,
          0,
          0.076785795,
          0.1332573,
          0.38449937,
          1
        ]
      },
      {
        "date" : 761390583.364303,
        "title" : "Untitled",
        "transform" : [
          0.20295875,
          -1.2402114e-07,
          -0.97918737,
          0,
          -0.8736707,
          0.45156032,
          -0.18108809,
          0,
          0.44216216,
          0.89224064,
          0.09164797,
          0,
          0.14484511,
          0.3348555,
          0.014891032,
          1
        ]
      }
    ]
  },
  "selectedSceneRelativePath" : "TravelToMarsShort.usda"
}