{
  "advancedEditorSelectedIdentifier" : "ProjectBrowser",
  "openSceneRelativePaths" : [
    "TravelToMarsShort.usda",
    "MovingPlanets.usda",
    "TravelToMarsLong.usda",
    "Planets.usda",
    "SpaceMusic.usda",
    "MuseumMusic.usda",
    "PE4AstralWilds.usda"
  ],
  "recentIdentifiers" : {
    "0196B789-84DD-4FED-9E18-A59CFDAEADA7" : [

    ],
    "26DBAE76-5DD8-47B6-A085-1B4ADA111097" : [

    ],
    "3BF575E3-1271-4EDD-8BCE-B73EF17A1712" : [

    ],
    "6080C1EC-73D7-45C0-95C0-16608741F506" : [

    ],
    "654A1BA5-90D3-4635-ADC4-8083566F93AB" : [

    ],
    "7586F0AF-FF42-47E9-8FDA-015085D46E64" : [

    ],
    "A4A19A77-24B7-40B5-9FF3-7780295F5142" : [

    ],
    "AE7F112C-4234-4947-92D2-8D9D9D34D7A6" : [

    ],
    "D4588DAC-986B-442B-97D8-3E8ADFC2BC2A" : [

    ],
    "D6D59B04-12EB-413B-A01C-5BE561BDF8AF" : [

    ],
    "EB08777C-F2E4-4731-965E-D19D29053AA3" : [

    ]
  },
  "sceneCameraHistory" : {
    "0196B789-84DD-4FED-9E18-A59CFDAEADA7" : [
      {
        "date" : 762792663.921437,
        "title" : "Untitled",
        "transform" : [
          0.99726677,
          -7.699715e-09,
          0.07388543,
          0,
          0.031004587,
          0.90769595,
          -0.41848165,
          0,
          -0.06706557,
          0.41962865,
          0.90521485,
          0,
          -0.00928485,
          1.2237564,
          1.1654232,
          1
        ]
      },
      {
        "date" : 762702431.835276,
        "title" : "Untitled",
        "transform" : [
          0.99726677,
          -7.699715e-09,
          0.07388543,
          0,
          0.031004587,
          0.90769595,
          -0.41848165,
          0,
          -0.06706557,
          0.41962865,
          0.90521485,
          0,
          0.024274759,
          0.296793,
          0.54006016,
          1
        ]
      },
      {
        "date" : 762702394.818491,
        "title" : "Untitled",
        "transform" : [
          0.99726677,
          -7.699715e-09,
          0.07388543,
          0,
          0.031004587,
          0.90769595,
          -0.41848165,
          0,
          -0.067065574,
          0.4196287,
          0.90521497,
          0,
          0.016465593,
          0.20131499,
          0.36632335,
          1
        ]
      },
      {
        "date" : 762702319.88998,
        "title" : "Untitled",
        "transform" : [
          -0.87533146,
          -4.353824e-10,
          0.48352346,
          0,
          0.21810007,
          0.8924915,
          0.3948308,
          0,
          -0.4315405,
          0.45106423,
          -0.7812258,
          0,
          -0.2106128,
          0.21390471,
          -0.29133946,
          1
        ]
      },
      {
        "date" : 762702282.545344,
        "title" : "Untitled",
        "transform" : [
          -0.87533146,
          -4.353824e-10,
          0.48352346,
          0,
          0.21810007,
          0.8924915,
          0.3948308,
          0,
          -0.43154055,
          0.4510643,
          -0.7812259,
          0,
          -0.40396267,
          0.41027662,
          -0.55879915,
          1
        ]
      },
      {
        "date" : 762702266.148566,
        "title" : "Untitled",
        "transform" : [
          -0.05891708,
          2.7234184e-09,
          0.99826306,
          0,
          0.70605177,
          0.70693314,
          0.041670945,
          0,
          -0.7057052,
          0.70728046,
          -0.041650467,
          0,
          -0.5260594,
          0.603551,
          0.052506074,
          1
        ]
      },
      {
        "date" : 762702263.911014,
        "title" : "Untitled",
        "transform" : [
          -0.32976383,
          5.0635063e-10,
          0.94406354,
          0,
          0.11043798,
          0.9931341,
          0.03857633,
          0,
          -0.93758166,
          0.11698156,
          -0.32749975,
          0,
          -0.7518719,
          0.06564099,
          -0.2543991,
          1
        ]
      },
      {
        "date" : 761344917.916386,
        "title" : "Untitled",
        "transform" : [
          -0.06585141,
          2.556534e-08,
          0.9978295,
          0,
          0.63833964,
          0.7686013,
          0.042126976,
          0,
          -0.766933,
          0.6397282,
          -0.05061348,
          0,
          -2.2659187,
          1.2582779,
          -99.1285,
          1
        ]
      },
      {
        "date" : 756645645.875599,
        "title" : "Untitled",
        "transform" : [
          -0.065851316,
          9.1426315e-09,
          0.99782944,
          0,
          0.6383396,
          0.76860124,
          0.042126916,
          0,
          -0.76693314,
          0.63972807,
          -0.050613362,
          0,
          -57.163292,
          36.23534,
          -48.528507,
          1
        ]
      },
      {
        "date" : 756642354.614282,
        "title" : "Untitled",
        "transform" : [
          -0.026665496,
          9.1426315e-09,
          0.9996444,
          0,
          0.6395006,
          0.76860124,
          0.017058646,
          0,
          -0.7683281,
          0.63972807,
          -0.020495087,
          0,
          -111.331856,
          64.6913,
          -4.85981,
          1
        ]
      }
    ],
    "26DBAE76-5DD8-47B6-A085-1B4ADA111097" : [
      {
        "date" : 737199254.938937,
        "title" : "Untitled",
        "transform" : [
          0.9955315,
          -4.548741e-09,
          -0.09443051,
          0,
          -0.038964823,
          0.9108989,
          -0.4107857,
          0,
          0.086016715,
          0.41262954,
          0.90682846,
          0,
          0.5672262,
          1.9519703,
          1.631,
          1
        ]
      },
      {
        "date" : 737198793.54487,
        "title" : "Untitled",
        "transform" : [
          0.9955315,
          -4.548741e-09,
          -0.09443051,
          0,
          -0.038964823,
          0.9108989,
          -0.4107857,
          0,
          0.086016715,
          0.41262954,
          0.90682846,
          0,
          1.1001482,
          2.130436,
          1.4992437,
          1
        ]
      },
      {
        "date" : 737198789.77096,
        "title" : "Untitled",
        "transform" : [
          0.9955315,
          -4.548741e-09,
          -0.09443051,
          0,
          -0.038964823,
          0.9108989,
          -0.4107857,
          0,
          0.086016715,
          0.41262954,
          0.90682846,
          0,
          0.40142602,
          1.5287566,
          1.8392997,
          1
        ]
      },
      {
        "date" : 737198697.239593,
        "title" : "Untitled",
        "transform" : [
          0.9955315,
          -4.548741e-09,
          -0.09443051,
          0,
          -0.038964823,
          0.9108989,
          -0.4107857,
          0,
          0.086016715,
          0.41262954,
          0.90682846,
          0,
          0.19703317,
          0.8352976,
          2.1742282,
          1
        ]
      },
      {
        "date" : 737198694.0523,
        "title" : "Untitled",
        "transform" : [
          0.9662231,
          -4.2218873e-09,
          -0.25770718,
          0,
          -0.17239761,
          0.7432921,
          -0.6463714,
          0,
          0.19155174,
          0.66896707,
          0.7181859,
          0,
          0.5323415,
          1.6351149,
          2.2033844,
          1
        ]
      },
      {
        "date" : 737197420.970996,
        "title" : "Untitled",
        "transform" : [
          0.9662231,
          -4.2218873e-09,
          -0.25770718,
          0,
          -0.17239761,
          0.7432921,
          -0.6463714,
          0,
          0.19155174,
          0.66896707,
          0.7181859,
          0,
          0.6025634,
          2.171856,
          1.6846981,
          1
        ]
      },
      {
        "date" : 737197236.758342,
        "title" : "Untitled",
        "transform" : [
          0.9662231,
          -4.2218873e-09,
          -0.25770718,
          0,
          -0.17239761,
          0.7432921,
          -0.6463714,
          0,
          0.19155174,
          0.66896707,
          0.7181859,
          0,
          0.102215335,
          0.5479221,
          0.8513718,
          1
        ]
      },
      {
        "date" : 737197182.146191,
        "title" : "Untitled",
        "transform" : [
          0.860776,
          -4.231935e-09,
          -0.508984,
          0,
          -0.33911365,
          0.7457231,
          -0.5734972,
          0,
          0.37956125,
          0.666256,
          0.6419006,
          0,
          0.61605996,
          0.9837092,
          1.0350938,
          1
        ]
      },
      {
        "date" : 737197169.161898,
        "title" : "Untitled",
        "transform" : [
          0.6968318,
          -1.0938351e-08,
          -0.7172346,
          0,
          -0.38531035,
          0.8434443,
          -0.37434965,
          0,
          0.6049475,
          0.5372166,
          0.5877388,
          0,
          0.96885526,
          0.7764866,
          0.93649375,
          1
        ]
      },
      {
        "date" : 737197164.071945,
        "title" : "Untitled",
        "transform" : [
          0.9999939,
          0,
          0.0034942555,
          0,
          0.0024708114,
          0.7071068,
          -0.7071024,
          0,
          -0.002470812,
          0.70710677,
          0.7071026,
          0,
          0.37761047,
          1.1094786,
          1.0890572,
          1
        ]
      }
    ],
    "3BF575E3-1271-4EDD-8BCE-B73EF17A1712" : [
      {
        "date" : 770225437.903415,
        "title" : "Untitled",
        "transform" : [
          -0.51980853,
          -6.521084e-08,
          -0.85428286,
          0,
          -0.52047676,
          0.7929739,
          0.31669623,
          0,
          0.67742383,
          0.60925585,
          -0.4121946,
          0,
          26.531357,
          39.99585,
          -18.683601,
          1
        ]
      },
      {
        "date" : 763318605.734323,
        "title" : "Untitled",
        "transform" : [
          -0.7973081,
          -6.59688e-08,
          -0.6035726,
          0,
          -0.4839003,
          0.5976908,
          0.6392231,
          0,
          0.3607496,
          0.8017268,
          -0.47654366,
          0,
          6.334348,
          16.025011,
          -22.19828,
          1
        ]
      },
      {
        "date" : 763318600.019987,
        "title" : "Untitled",
        "transform" : [
          -0.46186176,
          -7.563128e-08,
          -0.8869519,
          0,
          -0.2856397,
          0.9467239,
          0.1487409,
          0,
          0.8396985,
          0.32204655,
          -0.43725562,
          0,
          14.003198,
          9.301298,
          -22.454674,
          1
        ]
      },
      {
        "date" : 763318594.59601,
        "title" : "Untitled",
        "transform" : [
          -0.46186176,
          -7.563128e-08,
          -0.8869519,
          0,
          -0.2856397,
          0.9467239,
          0.1487409,
          0,
          0.8396985,
          0.32204655,
          -0.43725562,
          0,
          13.329931,
          9.1430645,
          -23.864141,
          1
        ]
      },
      {
        "date" : 763318593.491965,
        "title" : "Untitled",
        "transform" : [
          -0.46186176,
          -7.563128e-08,
          -0.8869519,
          0,
          -0.2856397,
          0.9467239,
          0.1487409,
          0,
          0.8396985,
          0.32204655,
          -0.43725562,
          0,
          12.929369,
          10.8456955,
          -23.37936,
          1
        ]
      },
      {
        "date" : 762777808.823409,
        "title" : "Untitled",
        "transform" : [
          -0.46186176,
          -7.563128e-08,
          -0.8869519,
          0,
          -0.2856397,
          0.9467239,
          0.1487409,
          0,
          0.8396985,
          0.32204655,
          -0.43725562,
          0,
          18.372952,
          10.350105,
          -13.290609,
          1
        ]
      },
      {
        "date" : 762777804.415235,
        "title" : "Untitled",
        "transform" : [
          -0.8192978,
          -7.531072e-08,
          -0.5733683,
          0,
          -0.2711196,
          0.8811407,
          0.3874083,
          0,
          0.505218,
          0.47285423,
          -0.7219166,
          0,
          9.010969,
          13.887007,
          -18.635551,
          1
        ]
      },
      {
        "date" : 762710447.774438,
        "title" : "Untitled",
        "transform" : [
          -0.8756638,
          -8.8564484e-08,
          -0.4829213,
          0,
          -0.40686837,
          0.53867304,
          0.7377597,
          0,
          0.26013657,
          0.8425149,
          -0.47169644,
          0,
          2.9616437,
          9.578453,
          -7.8021965,
          1
        ]
      },
      {
        "date" : 762710446.758558,
        "title" : "Untitled",
        "transform" : [
          -0.8756638,
          -8.8564484e-08,
          -0.4829213,
          0,
          -0.40686837,
          0.53867304,
          0.7377597,
          0,
          0.26013657,
          0.8425149,
          -0.47169644,
          0,
          2.9346619,
          9.547506,
          -7.8723526,
          1
        ]
      },
      {
        "date" : 762708857.634401,
        "title" : "Untitled",
        "transform" : [
          -0.8756638,
          -8.8564484e-08,
          -0.4829213,
          0,
          -0.40686837,
          0.53867304,
          0.7377597,
          0,
          0.26013657,
          0.8425149,
          -0.47169644,
          0,
          0.40428308,
          3.660965,
          -3.5352097,
          1
        ]
      }
    ],
    "6080C1EC-73D7-45C0-95C0-16608741F506" : [
      {
        "date" : 737218091.302277,
        "title" : "Untitled",
        "transform" : [
          1,
          0,
          0,
          0,
          0,
          0.8660254,
          -0.5,
          0,
          0,
          0.5,
          0.8660254,
          0,
          0.08135698,
          1.3707597,
          0.36162543,
          1
        ]
      },
      {
        "date" : 737218066.227481,
        "title" : "Untitled",
        "transform" : [
          1,
          0,
          -0,
          0,
          -0,
          0.8660254,
          -0.5,
          0,
          0,
          0.5,
          0.8660254,
          0,
          0,
          0.2150388,
          0.37245816,
          1
        ]
      }
    ],
    "654A1BA5-90D3-4635-ADC4-8083566F93AB" : [
      {
        "date" : 756570526.854956,
        "title" : "Untitled",
        "transform" : [
          0.9999914,
          1.10108145e-10,
          -0.004141964,
          0,
          -0.0020688483,
          0.86632264,
          -0.49948052,
          0,
          0.0035882771,
          0.4994848,
          0.86631525,
          0,
          0.015618424,
          2.1824405,
          3.7794387,
          1
        ]
      },
      {
        "date" : 756570520.882196,
        "title" : "Untitled",
        "transform" : [
          0.9999915,
          -7.507672e-11,
          -0.004141965,
          0,
          -0.0012015497,
          0.9569988,
          -0.29008922,
          0,
          0.0039638556,
          0.29009172,
          0.95699066,
          0,
          -2.6280098,
          3.1199555,
          -42.16433,
          1
        ]
      },
      {
        "date" : 756506499.123153,
        "title" : "Untitled",
        "transform" : [
          0.9999915,
          -7.507672e-11,
          -0.004141965,
          0,
          -0.0012015497,
          0.9569988,
          -0.29008922,
          0,
          0.0039638556,
          0.29009172,
          0.95699066,
          0,
          0.030080924,
          1.1995256,
          -43.02432,
          1
        ]
      },
      {
        "date" : 756506495.846241,
        "title" : "Untitled",
        "transform" : [
          0.9999914,
          -1.5531132e-10,
          -0.004141965,
          0,
          -0.0012015494,
          0.9569989,
          -0.29008922,
          0,
          0.003963854,
          0.29009166,
          0.9569907,
          0,
          2.5600243,
          8.181388,
          -64.15313,
          1
        ]
      },
      {
        "date" : 754768381.725735,
        "title" : "Untitled",
        "transform" : [
          0.99982834,
          -1.5531132e-10,
          -0.018529955,
          0,
          -0.0053753858,
          0.9569989,
          -0.2900419,
          0,
          0.017733146,
          0.29009166,
          0.9568346,
          0,
          0.13481934,
          5.2618685,
          -31.75748,
          1
        ]
      },
      {
        "date" : 754768377.29973,
        "title" : "Untitled",
        "transform" : [
          0.9999931,
          0,
          0.003723136,
          0,
          0.001861568,
          0.8660254,
          -0.49999654,
          0,
          -0.0032243303,
          0.5,
          0.8660194,
          0,
          -0.2453111,
          9.069221,
          -33.40473,
          1
        ]
      },
      {
        "date" : 753216503.12539,
        "title" : "Untitled",
        "transform" : [
          0.9999931,
          0,
          0.003723136,
          0,
          0.001861568,
          0.8660254,
          -0.49999654,
          0,
          -0.0032243303,
          0.5,
          0.8660194,
          0,
          -0.1995359,
          1.9707441,
          -45.69953,
          1
        ]
      },
      {
        "date" : 737579160.537149,
        "title" : "Untitled",
        "transform" : [
          0.9999931,
          0,
          0.003723136,
          0,
          0.001861568,
          0.8660254,
          -0.49999654,
          0,
          -0.0032243303,
          0.5,
          0.8660194,
          0,
          -0.041024372,
          1.8740962,
          0.88046646,
          1
        ]
      },
      {
        "date" : 737475772.590759,
        "title" : "Untitled",
        "transform" : [
          0.9999931,
          0,
          0.003723136,
          0,
          0.001861568,
          0.8660254,
          -0.49999654,
          0,
          -0.0032243303,
          0.5,
          0.8660194,
          0,
          -0.0054803323,
          0.8498404,
          1.4719567,
          1
        ]
      },
      {
        "date" : 737475556.359598,
        "title" : "Untitled",
        "transform" : [
          1,
          0,
          -0,
          0,
          -0,
          0.8660254,
          -0.5,
          0,
          0,
          0.5,
          0.8660254,
          0,
          0,
          0.2150388,
          0.37245816,
          1
        ]
      }
    ],
    "7586F0AF-FF42-47E9-8FDA-015085D46E64" : [
      {
        "date" : 770889721.096734,
        "title" : "Untitled",
        "transform" : [
          0.99992776,
          1.0687205e-08,
          -0.012017233,
          0,
          -0.0014415763,
          0.99277896,
          -0.119949326,
          0,
          0.0119304815,
          0.119958,
          0.99270725,
          0,
          0.0102314055,
          1.1605072,
          1.237587,
          1
        ]
      },
      {
        "date" : 770889710.779021,
        "title" : "Untitled",
        "transform" : [
          0.99992776,
          1.0687205e-08,
          -0.012017233,
          0,
          -0.0014415763,
          0.99277896,
          -0.119949326,
          0,
          0.0119304815,
          0.119958,
          0.99270725,
          0,
          0.08650198,
          0.9640379,
          1.2604094,
          1
        ]
      },
      {
        "date" : 770889709.311815,
        "title" : "Untitled",
        "transform" : [
          0.99992776,
          1.0687205e-08,
          -0.012017233,
          0,
          -0.0014415763,
          0.99277896,
          -0.119949326,
          0,
          0.0119304815,
          0.119958,
          0.99270725,
          0,
          0.013960265,
          1.1434555,
          1.2395995,
          1
        ]
      },
      {
        "date" : 770888692.962297,
        "title" : "Untitled",
        "transform" : [
          0.99992776,
          1.0687205e-08,
          -0.012017233,
          0,
          -0.0014415763,
          0.99277896,
          -0.119949326,
          0,
          0.01193048,
          0.11995798,
          0.99270713,
          0,
          0.0011389498,
          1.0145408,
          0.17278312,
          1
        ]
      },
      {
        "date" : 770888689.879963,
        "title" : "Untitled",
        "transform" : [
          0.9940352,
          1.0690992e-08,
          -0.1090608,
          0,
          -0.018752635,
          0.9851063,
          -0.17092086,
          0,
          0.107436486,
          0.1719465,
          0.97923017,
          0,
          0.01780275,
          1.0235977,
          0.17085946,
          1
        ]
      },
      {
        "date" : 770888685.220148,
        "title" : "Untitled",
        "transform" : [
          -0.0715374,
          -9.723e-11,
          0.99743795,
          0,
          0.18939853,
          0.9818063,
          0.013583879,
          0,
          -0.97929084,
          0.18988504,
          -0.070235856,
          0,
          -3.098518,
          1.8334951,
          1.0897369,
          1
        ]
      },
      {
        "date" : 770888667.478685,
        "title" : "Untitled",
        "transform" : [
          0.9999917,
          7.2894754e-12,
          -0.0040811463,
          0,
          -0.00052209495,
          0.9917834,
          -0.12792744,
          0,
          0.004047613,
          0.12792851,
          0.9917751,
          0,
          -0.0053378874,
          1.0410826,
          0.72849977,
          1
        ]
      },
      {
        "date" : 770888662.644152,
        "title" : "Untitled",
        "transform" : [
          0.99999166,
          4.320732e-12,
          -0.004081146,
          0,
          -0.00052209495,
          0.99178344,
          -0.12792744,
          0,
          0.0040476127,
          0.12792854,
          0.99177516,
          0,
          0.53944206,
          -3.52776,
          7.483537,
          1
        ]
      },
      {
        "date" : 770888658.968458,
        "title" : "Untitled",
        "transform" : [
          0.99999166,
          4.320732e-12,
          -0.004081146,
          0,
          -0.00052209495,
          0.99178344,
          -0.12792744,
          0,
          0.0040476127,
          0.12792854,
          0.99177516,
          0,
          0.57920957,
          -3.3260722,
          7.4573593,
          1
        ]
      },
      {
        "date" : 770888647.062666,
        "title" : "Untitled",
        "transform" : [
          0.99999166,
          4.320732e-12,
          -0.004081146,
          0,
          -0.00052209495,
          0.99178344,
          -0.12792744,
          0,
          0.0040476127,
          0.12792854,
          0.99177516,
          0,
          0.0007750094,
          0.6506053,
          2.5238242,
          1
        ]
      }
    ],
    "D4588DAC-986B-442B-97D8-3E8ADFC2BC2A" : [
      {
        "date" : 770225542.256718,
        "title" : "Untitled",
        "transform" : [
          0.8851405,
          -2.7783187e-08,
          -0.46532395,
          0,
          -0.1912182,
          0.9116644,
          -0.36373577,
          0,
          0.4242193,
          0.4109356,
          0.80695087,
          0,
          7.375976,
          13.624217,
          12.386941,
          1
        ]
      },
      {
        "date" : 770225538.280072,
        "title" : "Untitled",
        "transform" : [
          0.996112,
          -3.3697077e-08,
          0.08809618,
          0,
          0.007718398,
          0.9961545,
          -0.087272316,
          0,
          -0.087757304,
          0.087612964,
          0.99228144,
          0,
          -0.83104646,
          8.120113,
          18.078543,
          1
        ]
      },
      {
        "date" : 762778698.619613,
        "title" : "Untitled",
        "transform" : [
          0.47187018,
          -3.3551913e-08,
          0.881668,
          0,
          0.119211875,
          0.9908167,
          -0.06380236,
          0,
          -0.87357134,
          0.13521175,
          0.467537,
          0,
          -15.2198515,
          8.976603,
          9.013177,
          1
        ]
      },
      {
        "date" : 762778652.494526,
        "title" : "Untitled",
        "transform" : [
          0.48067495,
          -3.6776292e-08,
          0.8768989,
          0,
          0.33165824,
          0.9257169,
          -0.18179952,
          0,
          -0.81175995,
          0.37821722,
          0.44496894,
          0,
          -7.6869392,
          7.947213,
          4.742628,
          1
        ]
      },
      {
        "date" : 762778598.84506,
        "title" : "Untitled",
        "transform" : [
          0.48067495,
          -3.6776292e-08,
          0.8768989,
          0,
          0.33165824,
          0.9257169,
          -0.18179952,
          0,
          -0.81175995,
          0.37821722,
          0.44496894,
          0,
          -7.894537,
          8.337554,
          4.0321226,
          1
        ]
      },
      {
        "date" : 762777794.672249,
        "title" : "Untitled",
        "transform" : [
          0.48067495,
          -3.6776292e-08,
          0.8768989,
          0,
          0.33165824,
          0.9257169,
          -0.18179952,
          0,
          -0.81175995,
          0.37821722,
          0.44496894,
          0,
          -12.727367,
          10.589293,
          6.681275,
          1
        ]
      },
      {
        "date" : 762777780.168764,
        "title" : "Untitled",
        "transform" : [
          0.48067495,
          -3.6776292e-08,
          0.8768989,
          0,
          0.33165824,
          0.9257169,
          -0.18179952,
          0,
          -0.81175995,
          0.37821722,
          0.44496894,
          0,
          -145.93593,
          58.15716,
          92.12345,
          1
        ]
      },
      {
        "date" : 762776375.760615,
        "title" : "Untitled",
        "transform" : [
          0.48067495,
          -3.6776292e-08,
          0.8768989,
          0,
          0.33165824,
          0.9257169,
          -0.18179952,
          0,
          -0.81175995,
          0.37821722,
          0.44496894,
          0,
          -19.39228,
          14.756301,
          12.829727,
          1
        ]
      },
      {
        "date" : 762776355.341607,
        "title" : "Untitled",
        "transform" : [
          0.50610274,
          -3.677629e-08,
          0.86247313,
          0,
          0.3262022,
          0.9257169,
          -0.19141676,
          0,
          -0.7984059,
          0.37821722,
          0.46850792,
          0,
          -87.971436,
          46.948437,
          19.884401,
          1
        ]
      },
      {
        "date" : 761338948.195984,
        "title" : "Untitled",
        "transform" : [
          0.50610274,
          -3.677629e-08,
          0.86247313,
          0,
          0.3262022,
          0.9257169,
          -0.19141676,
          0,
          -0.7984059,
          0.37821722,
          0.46850792,
          0,
          -6.680757,
          6.061272,
          -14.297218,
          1
        ]
      }
    ],
    "E8EF102A-A9B9-4101-8D1B-91D1FF8BA987" : [
      {
        "date" : 763412499.509316,
        "title" : "Untitled",
        "transform" : [
          0.99794966,
          1.0553625e-08,
          0.06400366,
          0,
          0.0069294344,
          0.9941219,
          -0.108044274,
          0,
          -0.06362746,
          0.10826633,
          0.9920836,
          0,
          0.0032515118,
          0.044232465,
          1.6962625,
          1
        ]
      },
      {
        "date" : 763327417.307728,
        "title" : "Untitled",
        "transform" : [
          0.99794966,
          1.0553625e-08,
          0.06400366,
          0,
          0.0069294344,
          0.9941219,
          -0.108044274,
          0,
          -0.06362746,
          0.10826633,
          0.9920836,
          0,
          0.0028962307,
          0.03939934,
          1.5109179,
          1
        ]
      },
      {
        "date" : 763327392.857279,
        "title" : "Untitled",
        "transform" : [
          0.99794966,
          1.0553625e-08,
          0.06400366,
          0,
          0.0069294344,
          0.9941219,
          -0.108044274,
          0,
          -0.06362746,
          0.10826633,
          0.9920836,
          0,
          0.0028962307,
          0.03939934,
          1.5109179,
          1
        ]
      },
      {
        "date" : 763327390.679844,
        "title" : "Untitled",
        "transform" : [
          0.9976987,
          1.0568824e-08,
          0.06780336,
          0,
          0.007164889,
          0.9944011,
          -0.10542845,
          0,
          -0.06742375,
          0.1056717,
          0.9921127,
          0,
          -0.0028639436,
          0.035464883,
          1.5110155,
          1
        ]
      },
      {
        "date" : 763327380.156722,
        "title" : "Untitled",
        "transform" : [
          0.9976987,
          1.0568824e-08,
          0.06780336,
          0,
          0.007164889,
          0.9944011,
          -0.10542845,
          0,
          -0.06742375,
          0.1056717,
          0.9921127,
          0,
          0.056211293,
          0.15155387,
          1.5026652,
          1
        ]
      },
      {
        "date" : 763327229.374111,
        "title" : "Untitled",
        "transform" : [
          0.9976987,
          1.0568824e-08,
          0.06780336,
          0,
          0.007164889,
          0.9944011,
          -0.10542845,
          0,
          -0.06742375,
          0.1056717,
          0.9921127,
          0,
          0.008397341,
          0.08262466,
          1.5067575,
          1
        ]
      },
      {
        "date" : 763327217.533512,
        "title" : "Untitled",
        "transform" : [
          0.9976987,
          1.0568824e-08,
          0.06780336,
          0,
          0.007164889,
          0.9944011,
          -0.10542845,
          0,
          -0.06742375,
          0.1056717,
          0.9921127,
          0,
          -0.034417033,
          0.20234106,
          1.4910967,
          1
        ]
      },
      {
        "date" : 763327204.716867,
        "title" : "Untitled",
        "transform" : [
          0.9976987,
          1.0568824e-08,
          0.06780336,
          0,
          0.007164889,
          0.9944011,
          -0.10542845,
          0,
          -0.06742375,
          0.1056717,
          0.9921127,
          0,
          -0.059791327,
          0.21685289,
          1.4878266,
          1
        ]
      },
      {
        "date" : 763327202.674194,
        "title" : "Untitled",
        "transform" : [
          0.9976987,
          1.0568824e-08,
          0.06780336,
          0,
          0.007164889,
          0.9944011,
          -0.10542845,
          0,
          -0.06742375,
          0.1056717,
          0.9921127,
          0,
          -0.06455517,
          0.060856324,
          1.5041181,
          1
        ]
      },
      {
        "date" : 763293085.501785,
        "title" : "Untitled",
        "transform" : [
          0.9976987,
          1.0568824e-08,
          0.06780336,
          0,
          0.007164889,
          0.9944011,
          -0.10542845,
          0,
          -0.06742375,
          0.1056717,
          0.9921127,
          0,
          -0.0030927062,
          0.5557859,
          1.5327669,
          1
        ]
      }
    ],
    "EB08777C-F2E4-4731-965E-D19D29053AA3" : [
      {
        "date" : 770889138.418743,
        "title" : "Untitled",
        "transform" : [
          0.59013814,
          -1.0506212e-07,
          -0.8073023,
          0,
          -0.5048474,
          0.78034335,
          -0.36904368,
          0,
          0.62997305,
          0.62535125,
          0.4605103,
          0,
          0.21065742,
          2.047458,
          -0.8904252,
          1
        ]
      },
      {
        "date" : 770408289.113542,
        "title" : "Untitled",
        "transform" : [
          0.59013814,
          -1.0506212e-07,
          -0.8073023,
          0,
          -0.5048474,
          0.78034335,
          -0.36904368,
          0,
          0.62997305,
          0.62535125,
          0.4605103,
          0,
          2.0783024,
          4.1078672,
          0.8010474,
          1
        ]
      },
      {
        "date" : 763305412.63523,
        "title" : "Untitled",
        "transform" : [
          0.9991449,
          -9.926772e-08,
          -0.041346114,
          0,
          -0.017319486,
          0.90803546,
          -0.418535,
          0,
          0.037543796,
          0.41889328,
          0.90725905,
          0,
          0.7065247,
          3.4686317,
          3.0504112,
          1
        ]
      },
      {
        "date" : 763293153.452799,
        "title" : "Untitled",
        "transform" : [
          0.9991449,
          -9.926772e-08,
          -0.041346114,
          0,
          -0.017319486,
          0.90803546,
          -0.418535,
          0,
          0.037543796,
          0.41889328,
          0.90725905,
          0,
          -0.08069688,
          3.7006955,
          2.9758396,
          1
        ]
      },
      {
        "date" : 763293143.456944,
        "title" : "Untitled",
        "transform" : [
          0.9991449,
          -9.926772e-08,
          -0.041346114,
          0,
          -0.017319486,
          0.90803546,
          -0.418535,
          0,
          0.037543796,
          0.41889328,
          0.90725905,
          0,
          0.44751233,
          6.2210155,
          1.7903175,
          1
        ]
      },
      {
        "date" : 763293139.585066,
        "title" : "Untitled",
        "transform" : [
          0.62721026,
          -9.842782e-08,
          -0.7788501,
          0,
          -0.5710299,
          0.68004483,
          -0.4598522,
          0,
          0.52965295,
          0.73317057,
          0.42653096,
          0,
          1.3716303,
          3.0417316,
          1.9120684,
          1
        ]
      },
      {
        "date" : 763293112.154746,
        "title" : "Untitled",
        "transform" : [
          0.10585393,
          -9.9834786e-08,
          -0.9943817,
          0,
          -0.83659947,
          0.5405274,
          -0.08905782,
          0,
          0.5374906,
          0.84132636,
          0.057216883,
          0,
          1.1031147,
          3.7164717,
          -0.11582383,
          1
        ]
      },
      {
        "date" : 763292994.739969,
        "title" : "Untitled",
        "transform" : [
          0.1534946,
          -9.7249625e-08,
          -0.98814946,
          0,
          -0.6428094,
          0.75949055,
          -0.09985113,
          0,
          0.7504901,
          0.65051836,
          0.11657761,
          0,
          2.1174963,
          3.248042,
          0.094198234,
          1
        ]
      },
      {
        "date" : 763292886.797314,
        "title" : "Untitled",
        "transform" : [
          0.99983037,
          -1.0083192e-07,
          -0.018421372,
          0,
          -0.00256818,
          0.9902336,
          -0.13939483,
          0,
          0.018241473,
          0.13941848,
          0.9900655,
          0,
          0.1003449,
          1.7763064,
          2.5691156,
          1
        ]
      },
      {
        "date" : 763292874.130391,
        "title" : "Untitled",
        "transform" : [
          0.99983037,
          -1.0083192e-07,
          -0.018421372,
          0,
          -0.00256818,
          0.9902336,
          -0.13939483,
          0,
          0.018241473,
          0.13941848,
          0.9900655,
          0,
          -0.0621282,
          1.5610039,
          2.6024263,
          1
        ]
      }
    ]
  },
  "selectedSceneRelativePath" : "TravelToMarsLong.usda"
}